Market,Quantity,Direction,avgEntryPrice,avgExitPrice,Realized P&L,Opening Fee,Closing Fee,Funding Fee,cumOpenTradeFeeInfo,cumClosedTradeFeeInfo,Open Time,Open Duration,Close Time
QNTUSDT,69.740000000,Long,249.03,249.97,60.68356351,2.43142938,2.44060711,0E-8,"{""USDT"":2.43142938}","{""USDT"":2.44060711}",05:04 2026-10-07,9M 47S,05:13 2026-10-07
ONDOUSDT,113856.000000000,Long,0.47537008,0.4692,-717.55679600,7.57732301,7.47897299,0E-8,"{""USDT"":7.57732301}","{""USDT"":7.47897299}",01:58 2026-10-07,9M 19S,02:08 2026-10-07
TAOUSDT,223.654000000,Long,302.48136322,292.85312281,-2174.26250745,9.47116344,11.39686401,0E-8,"{""USDT"":9.47116344}","{""USDT"":11.39686401}",00:28 2026-10-07,2H 34M,03:02 2026-10-07
ORCAUSDT,7821.500000000,Long,3.0871,3.0963,65.18691515,3.38040538,3.39047947,0E-8,"{""USDT"":3.38040538}","{""USDT"":3.39047947}",21:52 2026-10-06,2M 44S,21:55 2026-10-06
ORCAUSDT,1674.000000000,Long,3.0182,3.0535,57.66923638,0.70734536,0.71561826,0E-8,"{""USDT"":0.70734536}","{""USDT"":0.71561826}",21:30 2026-10-06,2M 25S,21:32 2026-10-06
LITUSDT,5560.700000000,Long,3.781,3.80000058,99.72318521,2.94350094,2.98981385,0E-8,"{""USDT"":2.94350094}","{""USDT"":2.98981385}",21:00 2026-10-06,31M 6S,21:31 2026-10-06
ORCAUSDT,8482.100000000,Long,2.8186,2.82189289,66.51118584,3.34707060,3.35518780,-45.28282424,"{""USDT"":3.34707060}","{""USDT"":3.35518780}",19:57 2026-10-06,6M 14S,20:03 2026-10-06
PENGUUSDT,5356420.000000000,Long,0.00919422,0.00918719,-51.49318013,6.89473479,6.92500534,0E-8,"{""USDT"":6.89473479}","{""USDT"":6.92500534}",19:34 2026-10-06,2M 43S,19:37 2026-10-06
ORCAUSDT,8328.100000000,Long,2.8814,2.8796,-21.70752578,3.35952223,3.35742355,0E-8,"{""USDT"":3.35952223}","{""USDT"":3.35742355}",18:41 2026-10-06,5M 30S,18:46 2026-10-06
ORCAUSDT,18510.500000000,Long,3.00687387,3.0037,-74.32623200,7.79222348,7.78399852,0E-8,"{""USDT"":7.79222348}","{""USDT"":7.78399852}",18:17 2026-10-06,5M 54S,18:23 2026-10-06
QNTUSDT,81.220000000,Long,258.57,258.6,-3.44403666,2.94014778,2.94048888,0E-8,"{""USDT"":2.94014778}","{""USDT"":2.94048888}",17:13 2026-10-06,1H 37M,18:50 2026-10-06
LITUSDT,5642.300000000,Long,3.726,3.778,287.47202518,2.94324939,2.98432543,0E-8,"{""USDT"":2.94324939}","{""USDT"":2.98432543}",17:11 2026-10-06,39M 49S,17:51 2026-10-06
WLDUSDT,63942.200000000,Long,0.5456,0.55073828,314.26203817,4.88416103,9.40683080,0E-8,"{""USDT"":4.88416103}","{""USDT"":9.40683080}",16:59 2026-10-06,7M 34S,17:07 2026-10-06
ORCAUSDT,9523.700000000,Long,2.5089,2.50684165,-26.33018400,3.34516161,3.38195239,0E-8,"{""USDT"":3.34516161}","{""USDT"":3.38195239}",12:26 2026-10-06,16M 36S,12:43 2026-10-06
NEARUSDT,7408.000000000,Long,5.187,5.25892408,516.70923063,5.37954151,10.72482786,0E-8,"{""USDT"":5.37954151}","{""USDT"":10.72482786}",09:29 2026-10-06,21M 34S,09:50 2026-10-06
ENAUSDT,88086.000000000,Long,0.23872,0.23986003,94.40698072,2.94390459,3.06936469,0E-8,"{""USDT"":2.94390459}","{""USDT"":3.06936469}",09:27 2026-10-06,10M 19S,09:37 2026-10-06
QNTUSDT,83.260000000,Long,252.72,254.63,153.11272540,2.94580542,2.96806918,0E-8,"{""USDT"":2.94580542}","{""USDT"":2.96806918}",07:16 2026-10-06,29M 3S,07:45 2026-10-06
TAOUSDT,5.717000000,Long,298.13,300.9924121,15.66550561,0.23861729,0.46028710,0E-8,"{""USDT"":0.23861729}","{""USDT"":0.46028710}",06:16 2026-10-06,22M 57S,06:39 2026-10-06
NEARUSDT,18019.400000000,Long,5.16614504,5.18,223.55761402,13.03271710,13.06766888,0E-8,"{""USDT"":13.03271710}","{""USDT"":13.06766888}",23:12 2026-10-05,39M 17S,23:52 2026-10-05
BTWUSDT,8850.000000000,Short,1.26903,1.23635,286.11383416,1.57232819,1.53183765,0E-8,"{""USDT"":1.57232819}","{""USDT"":1.53183765}",17:46 2026-10-05,0M 37S,17:47 2026-10-05
PUMPFUNUSDT,6084000.000000000,Long,0.006175,0.00625398,463.28806700,5.25961800,11.93741500,0E-8,"{""USDT"":5.25961800}","{""USDT"":11.93741500}",17:09 2026-10-05,3M 3S,17:12 2026-10-05
VVVUSDT,546.410000000,Long,27.614,27.56954878,-32.35097117,3.92302710,4.13935407,0E-8,"{""USDT"":3.9230271}","{""USDT"":4.13935407}",16:17 2026-10-05,16M 52S,16:34 2026-10-05
PUMPFUNUSDT,6003000.000000000,Long,0.006252,0.00631048,332.94833904,5.25430584,12.87995512,0E-8,"{""USDT"":5.25430584}","{""USDT"":12.87995512}",15:40 2026-10-05,6M 52S,15:47 2026-10-05
NEARUSDT,8088.600000000,Long,4.924,5.016,732.89510416,5.57595737,5.68013847,0E-8,"{""USDT"":5.57595737}","{""USDT"":5.68013847}",15:01 2026-10-05,15M 56S,15:16 2026-10-05
TAOUSDT,100.901000000,Long,300.08,300.53,36.92114903,4.23897211,4.24532886,0E-8,"{""USDT"":4.23897211}","{""USDT"":4.24532886}",14:32 2026-10-05,53M 19S,15:26 2026-10-05
WLDUSDT,61862.100000000,Long,0.5583,0.5611,163.51909906,4.83526549,4.85951545,0E-8,"{""USDT"":4.83526549}","{""USDT"":4.85951545}",14:32 2026-10-05,4M 34S,14:37 2026-10-05
ENAUSDT,81124.000000000,Long,0.25091,0.25307,169.50395764,2.84967522,2.87420714,0E-8,"{""USDT"":2.84967522}","{""USDT"":2.87420714}",13:15 2026-10-05,3M 9S,13:18 2026-10-05
ENAUSDT,87338.000000000,Long,0.24766,0.248,23.63432656,3.02821808,3.03237536,0E-8,"{""USDT"":3.02821808}","{""USDT"":3.03237536}",09:55 2026-10-05,8M 3S,10:03 2026-10-05
NEARUSDT,7772.200000000,Long,5.023,5.032,59.00887402,5.46556652,5.47535946,0E-8,"{""USDT"":5.46556652}","{""USDT"":5.47535946}",08:46 2026-10-05,1H 30M,10:17 2026-10-05
TAOUSDT,196.329000000,Long,298.73102053,298.73094647,-16.98490225,8.21093876,8.75942349,0E-8,"{""USDT"":8.21093876}","{""USDT"":8.75942349}",04:32 2026-10-05,1H 5M,05:37 2026-10-05
QNTUSDT,86.250000000,Long,245.6,248.25,222.59926125,2.96562000,2.99761875,0E-8,"{""USDT"":2.96562000}","{""USDT"":2.99761875}",04:17 2026-10-05,5M 28S,04:22 2026-10-05
NEARUSDT,7062.600000000,Long,4.823,4.846,152.87944084,4.76880881,4.79155035,0E-8,"{""USDT"":4.76880881}","{""USDT"":4.79155035}",04:00 2026-10-05,7M 11S,04:07 2026-10-05
WLDUSDT,11451.100000000,Long,0.5667,0.57308596,70.51333483,0.90850740,1.70442777,0E-8,"{""USDT"":0.90850740}","{""USDT"":1.70442777}",03:26 2026-10-05,4M 29S,03:30 2026-10-05
MONUSDT,909694.000000000,Long,0.03312,0.03358,409.96451720,4.21806915,4.27665365,0E-8,"{""USDT"":4.21806915}","{""USDT"":4.27665365}",21:57 2026-10-04,8M 30S,22:05 2026-10-04
QNTUSDT,197.310000000,Long,247.38663271,250.09032994,519.72449453,6.83365999,6.90834548,0E-8,"{""USDT"":6.83365999}","{""USDT"":6.90834548}",20:42 2026-10-04,4M 37S,20:46 2026-10-04
ENAUSDT,92216.000000000,Long,0.23385,0.23613955,205.06586198,3.01905967,3.04861835,0E-8,"{""USDT"":3.01905967}","{""USDT"":3.04861835}",16:03 2026-10-04,5M 16S,16:08 2026-10-04
LITUSDT,6008.100000000,Long,3.515,3.52180581,32.83840025,2.95658601,6.31409051,-1.21907677,"{""USDT"":2.95658601}","{""USDT"":6.31409051}",14:18 2026-10-04,1H 55M,16:14 2026-10-04
BTWUSDT,9230.000000000,Short,1.21808,1.20837,86.48784129,1.57400298,1.56145573,0E-8,"{""USDT"":1.57400298}","{""USDT"":1.56145573}",14:08 2026-10-04,1M 3S,14:09 2026-10-04
QNTUSDT,83.000000000,Long,253.09,255.66,207.39832498,2.94090581,2.97076921,0E-8,"{""USDT"":2.94090581}","{""USDT"":2.97076921}",12:36 2026-10-04,9M 14S,12:45 2026-10-04
ARBUSDT,185873.700000000,Long,0.19773,0.20014,437.60211730,5.14539297,5.20810673,0E-8,"{""USDT"":5.14539297}","{""USDT"":5.20810673}",11:40 2026-10-04,1H 2M,12:43 2026-10-04
MONUSDT,892662.000000000,Long,0.03365,0.03376,89.76841162,4.20533070,4.21907768,0E-8,"{""USDT"":4.20533070}","{""USDT"":4.21907768}",09:44 2026-10-04,1H 38M,11:22 2026-10-04
WLDUSDT,60196.200000000,Long,0.5758,0.58092685,298.79990519,4.85253609,4.96456872,0E-8,"{""USDT"":4.85253609}","{""USDT"":4.96456872}",08:58 2026-10-04,9M 7S,09:07 2026-10-04
QNTUSDT,80.440000000,Long,262.1,264.13506962,157.38536152,2.95166536,3.36397312,0E-8,"{""USDT"":2.95166536}","{""USDT"":3.36397312}",06:43 2026-10-04,8M 11S,06:52 2026-10-04
PUMPFUNUSDT,6079000.000000000,Long,0.006195,0.00625487,351.72510376,5.27231670,6.95737954,0E-8,"{""USDT"":5.27231670}","{""USDT"":6.95737954}",00:21 2026-10-04,2M 52S,00:24 2026-10-04
QNTUSDT,84.770000000,Long,248.66,249.29182848,47.65050725,2.95104718,2.95854557,0E-8,"{""USDT"":2.95104718}","{""USDT"":2.95854557}",14:09 2026-10-03,11M 3S,14:20 2026-10-03
QNTUSDT,83.330000000,Long,254.11,257.81,302.34883879,2.96449810,3.00766311,0E-8,"{""USDT"":2.96449810}","{""USDT"":3.00766311}",11:12 2026-10-03,4M 17S,11:16 2026-10-03
WLDUSDT,44568.600000000,Long,0.5509,0.5545,153.54970166,3.43739787,3.45986047,0E-8,"{""USDT"":3.43739787}","{""USDT"":3.45986047}",07:31 2026-10-03,4M 27S,07:35 2026-10-03
QNTUSDT,84.590000000,Long,248.62,248.76522639,4.86626446,2.94430727,4.47412827,0E-8,"{""USDT"":2.94430727}","{""USDT"":4.47412827}",05:06 2026-10-03,8M 9S,05:14 2026-10-03
MONUSDT,955220.000000000,Long,0.03141,0.03157,144.41283403,4.20048447,4.22188150,0E-8,"{""USDT"":4.20048447}","{""USDT"":4.22188150}",04:12 2026-10-03,1H 13M,05:25 2026-10-03
ENAUSDT,95527.000000000,Long,0.22756,0.22931,161.06217112,3.04333738,3.06674150,0E-8,"{""USDT"":3.04333738}","{""USDT"":3.0667415}",22:17 2026-10-02,2M 52S,22:19 2026-10-02
WLDUSDT,64898.700000000,Long,0.5316,0.5333,100.65230239,4.83002085,4.84546676,0E-8,"{""USDT"":4.83002085}","{""USDT"":4.84546676}",21:28 2026-10-02,6M 11S,21:34 2026-10-02
QNTUSDT,100.230000000,Long,226.6569111,228.54868103,183.14402526,3.18049521,3.28757953,0E-8,"{""USDT"":3.18049521}","{""USDT"":3.28757953}",19:44 2026-10-02,8M 27S,19:52 2026-10-02
NEARUSDT,13748.200000000,Long,4.67817043,4.65383892,-359.96167360,9.00429925,16.44287435,0E-8,"{""USDT"":9.00429925}","{""USDT"":16.44287435}",18:07 2026-10-02,2H 26M,20:33 2026-10-02
ZROUSDT,35092.100000000,Long,1.86603198,1.8007,-2310.65068569,9.16761734,8.84664835,0E-8,"{""USDT"":9.16761734}","{""USDT"":8.84664835}",17:34 2026-10-02,1H 51M,19:25 2026-10-02
ONDOUSDT,45141.000000000,Long,0.498,0.5018,165.21732391,3.14723052,3.17124557,0E-8,"{""USDT"":3.14723052}","{""USDT"":3.17124557}",16:42 2026-10-02,2M 10S,16:44 2026-10-02
PENGUUSDT,2166980.000000000,Long,0.009623,0.00964815,48.49188814,2.91939891,3.08080295,0E-8,"{""USDT"":2.91939891}","{""USDT"":3.08080295}",14:55 2026-10-02,14M 43S,15:10 2026-10-02
ARBUSDT,154624.500000000,Long,0.2017,0.20172,-5.64051625,4.36628664,4.36671961,0E-8,"{""USDT"":4.36628664}","{""USDT"":4.36671961}",14:54 2026-10-02,17M 18S,15:11 2026-10-02
QNTUSDT,90.790000000,Long,246.74,247.883279,97.50196308,3.13621352,3.16012340,0E-8,"{""USDT"":3.13621352}","{""USDT"":3.16012340}",14:32 2026-10-02,3M 48S,14:35 2026-10-02
QNTUSDT,92.210000000,Long,244.69,245.12,33.32714661,3.15880109,3.16435230,0E-8,"{""USDT"":3.15880109}","{""USDT"":3.16435230}",13:52 2026-10-02,6M 12S,13:58 2026-10-02
TAOUSDT,104.142000000,Long,307.27,310.23,299.25724392,4.47995990,4.52311618,0E-8,"{""USDT"":4.47995990}","{""USDT"":4.52311618}",12:02 2026-10-02,19M 1S,12:21 2026-10-02
QNTUSDT,100.690000000,Long,223.47,226.68,316.86931546,3.15016723,3.19541731,0E-8,"{""USDT"":3.15016723}","{""USDT"":3.19541731}",07:20 2026-10-02,3M 24S,07:24 2026-10-02
QNTUSDT,99.020000000,Long,227.22,229.01,170.92117464,3.14990548,3.17471988,0E-8,"{""USDT"":3.14990548}","{""USDT"":3.17471988}",07:01 2026-10-02,2M 3S,07:03 2026-10-02
QNTUSDT,221.560000000,Long,237.79645062,237.49107917,-83.31593642,7.37606549,8.28177093,0E-8,"{""USDT"":7.37606549}","{""USDT"":8.28177093}",06:35 2026-10-02,9M 27S,06:44 2026-10-02
NEARUSDT,6406.300000000,Long,4.925,4.966,253.78724013,4.41714385,4.45391602,0E-8,"{""USDT"":4.41714385}","{""USDT"":4.45391602}",05:40 2026-10-02,2M 36S,05:42 2026-10-02
LITUSDT,6054.900000000,Long,3.728,3.788,355.77823421,3.16017344,3.21103460,1.14455775,"{""USDT"":3.16017344}","{""USDT"":3.21103460}",03:39 2026-10-02,20M 53S,04:00 2026-10-02
NEARUSDT,6445.000000000,Long,4.848,4.87104281,134.15268506,4.37435046,9.98386448,0E-8,"{""USDT"":4.37435046}","{""USDT"":9.98386448}",03:37 2026-10-02,1M 59S,03:39 2026-10-02
NEARUSDT,6484.800000000,Long,4.88,4.882199,-1.13797510,4.43041536,10.96765974,0E-8,"{""USDT"":4.43041536}","{""USDT"":10.96765974}",03:26 2026-10-02,3M 46S,03:30 2026-10-02
ENAUSDT,58355.000000000,Long,0.24053,0.24178,69.00342177,1.96505799,1.97527024,0E-8,"{""USDT"":1.96505799}","{""USDT"":1.97527024}",22:45 2026-10-01,7M 46S,22:52 2026-10-01
QNTUSDT,213.780000000,Long,245.63002058,245.32674806,-79.52857412,7.35151003,7.34346409,0E-8,"{""USDT"":7.35151003}","{""USDT"":7.34346409}",21:39 2026-10-01,13M 24S,21:52 2026-10-01
ZROUSDT,37322.900000000,Long,1.77830134,1.7706023,-305.89416282,9.29199089,9.25176193,0E-8,"{""USDT"":9.29199089}","{""USDT"":9.25176193}",21:17 2026-10-01,1H 13M,22:31 2026-10-01
QNTUSDT,88.380000000,Long,253.48,252.96,-52.22388349,3.13635876,3.12992473,0E-8,"{""USDT"":3.13635876}","{""USDT"":3.12992473}",19:39 2026-10-01,11M 29S,19:50 2026-10-01
NEARUSDT,13622.100000000,Long,4.75259528,4.84419076,1228.91682442,9.06364598,9.74232960,0E-8,"{""USDT"":9.06364598}","{""USDT"":9.74232960}",19:27 2026-10-01,23M 11S,19:50 2026-10-01
VVVUSDT,1404.630000000,Long,26.32258689,26.22316709,-159.08741143,9.61310877,9.82626266,0E-8,"{""USDT"":9.61310877}","{""USDT"":9.82626266}",19:17 2026-10-01,4M 56S,19:22 2026-10-01
NEARUSDT,5777.700000000,Long,4.825,4.897,408.13048806,3.90283635,3.96107559,0E-8,"{""USDT"":3.90283635}","{""USDT"":3.96107559}",14:52 2026-10-01,22M 23S,15:15 2026-10-01
LITUSDT,5816.600000000,Long,3.887,3.903,86.72201598,3.16527741,3.17830661,0E-8,"{""USDT"":3.16527741}","{""USDT"":3.17830661}",13:01 2026-10-01,1H 16M,14:17 2026-10-01
BTWUSDT,7570.000000000,Short,1.47709,1.45601,156.46710049,1.56542007,1.54307944,0E-8,"{""USDT"":1.56542007}","{""USDT"":1.54307944}",11:47 2026-10-01,0M 29S,11:48 2026-10-01
QNTUSDT,193.450000000,Long,271.35776531,270.92894236,-98.98112599,7.34918243,8.67614356,0E-8,"{""USDT"":7.34918243}","{""USDT"":8.67614356}",11:37 2026-10-01,6M 16S,11:43 2026-10-01
TAOUSDT,104.784000000,Long,303.04,305.06080833,202.82768706,4.44552408,4.47516886,0E-8,"{""USDT"":4.44552408}","{""USDT"":4.47516886}",10:04 2026-10-01,43M 9S,10:47 2026-10-01
NEARUSDT,12188.400000000,Long,5.31299495,5.248,-809.99112704,9.06596708,8.95506128,-0.21430132,"{""USDT"":9.06596708}","{""USDT"":8.95506128}",07:26 2026-10-01,1H 45M,09:12 2026-10-01
QNTUSDT,79.390000000,Long,284.28,287.0,209.59125131,3.15965849,3.18989020,0E-8,"{""USDT"":3.15965849}","{""USDT"":3.1898902}",06:01 2026-10-01,6M 14S,06:07 2026-10-01
BTWUSDT,8250.000000000,Short,1.36851,1.34733695,171.51543268,1.58062913,1.58163819,0E-8,"{""USDT"":1.58062913}","{""USDT"":1.58163819}",04:00 2026-10-01,0M 50S,04:00 2026-10-01
LITUSDT,5817.600000000,Long,3.875,3.90571079,170.74426269,3.15604800,4.76278931,0E-8,"{""USDT"":3.15604800}","{""USDT"":4.76278931}",00:17 2026-10-01,45M 40S,01:03 2026-10-01
TAOUSDT,106.458000000,Long,297.68,300.8,323.22914225,4.43665845,4.48315930,0E-8,"{""USDT"":4.43665845}","{""USDT"":4.4831593}",22:06 2026-09-30,15M 45S,22:22 2026-09-30
QNTUSDT,187.740000000,Long,279.33139022,279.50879994,18.61856790,7.34183455,7.34649755,0E-8,"{""USDT"":7.34183455}","{""USDT"":7.34649755}",21:49 2026-09-30,5M 39S,21:54 2026-09-30
PENGUUSDT,312930.000000000,Long,0.009482,0.009595,34.52532281,0.41540832,0.42035887,0E-8,"{""USDT"":0.41540832}","{""USDT"":0.42035887}",21:31 2026-09-30,3M 0S,21:34 2026-09-30
ENAUSDT,75073.000000000,Long,0.25874,0.25967968,64.49127560,2.71941433,3.33419007,0E-8,"{""USDT"":2.71941433}","{""USDT"":3.33419007}",21:24 2026-09-30,14M 34S,21:39 2026-09-30
NEARUSDT,5934.400000000,Long,5.292,5.30553399,69.94315206,4.39667830,5.97626964,0E-8,"{""USDT"":4.39667830}","{""USDT"":5.97626964}",19:58 2026-09-30,5M 44S,20:04 2026-09-30
NEARUSDT,5906.400000000,Long,5.337,5.373,203.77434382,4.41314396,4.44291222,0E-8,"{""USDT"":4.41314396}","{""USDT"":4.44291222}",19:51 2026-09-30,2M 5S,19:53 2026-09-30
ONDOUSDT,117100.000000000,Long,0.49095504,0.4861,-584.54274036,8.04871690,7.96912346,0E-8,"{""USDT"":8.04871690}","{""USDT"":7.96912346}",18:35 2026-09-30,14M 45S,18:50 2026-09-30
LITUSDT,13612.500000000,Long,3.88706974,3.87414756,-193.93978156,7.40778318,8.01519838,2.61360000,"{""USDT"":7.40778318}","{""USDT"":8.01519838}",17:42 2026-09-30,2H 39M,20:21 2026-09-30
QNTUSDT,75.070000000,Long,296.8,299.46,193.41962642,3.11930864,3.14726494,0E-8,"{""USDT"":3.11930864}","{""USDT"":3.14726494}",16:43 2026-09-30,5M 41S,16:49 2026-09-30
QNTUSDT,76.710000000,Long,293.94,295.41,106.43443434,3.15673950,3.17252616,0E-8,"{""USDT"":3.15673950}","{""USDT"":3.17252616}",15:37 2026-09-30,2M 41S,15:40 2026-09-30
XPLUSDT,31486.000000000,Long,0.09306,0.09429,37.90193369,0.41021221,0.41563410,0E-8,"{""USDT"":0.41021221}","{""USDT"":0.41563410}",14:40 2026-09-30,2M 6S,14:42 2026-09-30
PUMPFUNUSDT,5424000.000000000,Long,0.005536,0.00552763,-59.81670628,4.20381696,10.22838932,0E-8,"{""USDT"":4.20381696}","{""USDT"":10.22838932}",14:21 2026-09-30,4M 49S,14:26 2026-09-30
ZROUSDT,38533.900000000,Long,1.73256199,1.71084632,-856.59496659,9.34673190,10.45877469,0E-8,"{""USDT"":9.34673190}","{""USDT"":10.45877469}",14:19 2026-09-30,1H 29M,15:48 2026-09-30
TAOUSDT,91.234000000,Long,305.78,308.4,231.18830621,3.90565456,3.93911923,0E-8,"{""USDT"":3.90565456}","{""USDT"":3.93911923}",14:11 2026-09-30,1M 31S,14:13 2026-09-30
ONDOUSDT,47695.000000000,Long,0.5142,0.51290073,-68.82715972,3.43346769,3.42479203,0E-8,"{""USDT"":3.43346769}","{""USDT"":3.42479203}",13:35 2026-09-30,7M 14S,13:42 2026-09-30
TAOUSDT,212.310000000,Long,307.17115435,307.08425467,-36.92455201,9.13017115,9.34471086,0E-8,"{""USDT"":9.13017115}","{""USDT"":9.34471086}",13:35 2026-09-30,7M 0S,13:42 2026-09-30
LITUSDT,947.700000000,Long,3.672,3.751,73.88343117,0.48719364,0.49767519,0E-8,"{""USDT"":0.48719364}","{""USDT"":0.49767519}",08:19 2026-09-30,25M 4S,08:44 2026-09-30
PUMPFUNUSDT,5272400.000000000,Long,0.00569,0.00570366,58.76576733,4.19999384,9.04413883,0E-8,"{""USDT"":4.19999384}","{""USDT"":9.04413883}",08:08 2026-09-30,7M 8S,08:16 2026-09-30
LITUSDT,5758.400000000,Long,3.665,3.74303975,443.40366272,2.95463504,3.02580224,0E-8,"{""USDT"":2.95463504}","{""USDT"":3.02580224}",05:15 2026-09-30,18M 40S,05:33 2026-09-30
PUMPFUNUSDT,5569100.000000000,Long,0.005677,0.00573481,308.47339524,4.42620930,9.05109546,0E-8,"{""USDT"":4.4262093}","{""USDT"":9.05109546}",04:34 2026-09-30,1M 41S,04:36 2026-09-30
LITUSDT,5716.700000000,Long,3.672,3.734,347.45516627,2.93884122,2.98846212,1.05293039,"{""USDT"":2.93884122}","{""USDT"":2.98846212}",03:53 2026-09-30,30M 37S,04:24 2026-09-30
PUMPFUNUSDT,5587800.000000000,Long,0.005676,0.005719,231.36118253,4.44028949,4.47392798,0E-8,"{""USDT"":4.44028949}","{""USDT"":4.47392798}",03:35 2026-09-30,4M 7S,03:39 2026-09-30
PUMPFUNUSDT,5477100.000000000,Long,0.005739,0.005779,210.25206647,4.40063092,4.43130261,0E-8,"{""USDT"":4.40063092}","{""USDT"":4.43130261}",00:22 2026-09-30,3M 27S,00:25 2026-09-30
LITUSDT,13137.800000000,Long,3.69479503,3.88012357,2418.15388018,6.79580700,7.27635858,2.58315424,"{""USDT"":6.79580700}","{""USDT"":7.27635858}",23:41 2026-09-29,46M 50S,00:28 2026-09-30
NEARUSDT,5738.500000000,Long,4.877,4.927,276.24702873,3.91813303,3.95830254,2.80153570,"{""USDT"":3.91813303}","{""USDT"":3.95830254}",23:41 2026-09-29,24M 57S,00:06 2026-09-30
SOONUSDT,24679.000000000,Short,0.4294,0.41775129,284.53960978,1.48360281,1.45538741,0E-8,"{""USDT"":1.48360281}","{""USDT"":1.45538741}",23:24 2026-09-29,0M 30S,23:24 2026-09-29
NEARUSDT,5677.100000000,Long,4.96,4.99,162.40479970,3.94217824,3.96602206,0E-8,"{""USDT"":3.94217824}","{""USDT"":3.96602206}",19:59 2026-09-29,50M 2S,20:49 2026-09-29
TAOUSDT,240.735000000,Long,302.92136482,305.08,497.61495909,10.20932856,10.28208077,1.55267158,"{""USDT"":10.20932856}","{""USDT"":10.28208077}",19:45 2026-09-29,34M 35S,20:20 2026-09-29
PENGUUSDT,1976740.000000000,Long,0.009881,0.00989779,27.63370891,2.73450352,2.82047757,0E-8,"{""USDT"":2.73450352}","{""USDT"":2.82047757}",19:43 2026-09-29,4M 10S,19:47 2026-09-29
BTWUSDT,7730.000000000,Short,1.36288,1.35173,83.25174902,1.47490877,1.46284221,0E-8,"{""USDT"":1.47490877}","{""USDT"":1.46284221}",19:27 2026-09-29,1M 23S,19:28 2026-09-29
VVVUSDT,922.590000000,Long,26.557,26.9,303.62545765,6.37031789,6.45259446,0E-8,"{""USDT"":6.37031789}","{""USDT"":6.45259446}",18:29 2026-09-29,2M 49S,18:32 2026-09-29
NEARUSDT,5687.200000000,Long,4.815,4.876,339.20314827,3.83374152,3.88231021,0E-8,"{""USDT"":3.83374152}","{""USDT"":3.88231021}",17:50 2026-09-29,22M 10S,18:12 2026-09-29
WLDUSDT,72148.500000000,Long,0.4864,0.4898,235.44450879,4.91302426,4.94736695,0E-8,"{""USDT"":4.91302426}","{""USDT"":4.94736695}",16:53 2026-09-29,4M 34S,16:58 2026-09-29
ZROUSDT,41421.800000000,Long,1.58745908,1.5532,-1437.28567536,9.20575778,9.00708758,0E-8,"{""USDT"":9.20575778}","{""USDT"":9.00708758}",16:48 2026-09-29,1H 34M,18:23 2026-09-29
LITUSDT,4723.300000000,Long,4.398,4.451,243.43741769,2.90823030,2.94327722,1.04597479,"{""USDT"":2.90823030}","{""USDT"":2.94327722}",15:27 2026-09-29,42M 40S,16:10 2026-09-29
TAOUSDT,181.654000000,Long,307.01830964,309.07198851,354.60445174,7.80795467,7.86018288,2.78639071,"{""USDT"":7.80795467}","{""USDT"":7.86018288}",15:23 2026-09-29,46M 13S,16:10 2026-09-29
PUMPFUNUSDT,5573300.000000000,Long,0.005663,0.005699,191.77346315,4.41862371,4.44671314,0E-8,"{""USDT"":4.41862371}","{""USDT"":4.44671314}",13:53 2026-09-29,1M 45S,13:55 2026-09-29
ONDOUSDT,35672.000000000,Long,0.4955,0.49590945,5.93970470,2.47456664,6.19152866,0E-8,"{""USDT"":2.47456664}","{""USDT"":6.19152866}",02:09 2026-09-29,4M 0S,02:13 2026-09-29
TAOUSDT,104.696000000,Long,300.37,301.03,60.28437526,4.40265548,4.41232926,0E-8,"{""USDT"":4.40265548}","{""USDT"":4.41232926}",01:19 2026-09-29,33M 39S,01:53 2026-09-29
NEARUSDT,14051.600000000,Long,4.6631703,4.61,-765.37020324,9.17350060,9.06890264,0E-8,"{""USDT"":9.17350060}","{""USDT"":9.06890264}",01:13 2026-09-29,2H 6M,03:20 2026-09-29
TAOUSDT,105.674000000,Long,300.22,302.7,253.15170435,4.44156287,4.47825278,0E-8,"{""USDT"":4.44156287}","{""USDT"":4.47825278}",22:01 2026-09-28,34M 5S,22:35 2026-09-28
PENGUUSDT,2134690.000000000,Long,0.009163,0.00923653,151.31262441,2.73842306,2.90678253,0E-8,"{""USDT"":2.73842306}","{""USDT"":2.90678253}",20:01 2026-09-28,2M 6S,20:03 2026-09-28
PUMPFUNUSDT,6278400.000000000,Long,0.00506,0.005092,191.98543560,4.44761856,4.47574584,0E-8,"{""USDT"":4.44761856}","{""USDT"":4.47574584}",19:46 2026-09-28,3M 50S,19:50 2026-09-28
NEARUSDT,18104.900000000,Long,4.76479504,4.76419439,-41.11684405,12.07725930,18.16488475,0E-8,"{""USDT"":12.07725930}","{""USDT"":18.16488475}",19:09 2026-09-28,56M 56S,20:06 2026-09-28
TAOUSDT,93.018000000,Long,301.02,301.94,77.72450129,3.92003898,3.93201973,0E-8,"{""USDT"":3.92003898}","{""USDT"":3.93201973}",16:41 2026-09-28,10M 45S,16:52 2026-09-28
NEARUSDT,17756.600000000,Long,4.86727781,4.91278989,786.35741663,12.09968277,12.21282230,-2.53012170,"{""USDT"":12.09968277}","{""USDT"":12.21282230}",15:11 2026-09-28,1H 5M,16:17 2026-09-28
NEARUSDT,4196.100000000,Long,4.991,5.01,73.85077251,2.93198295,2.94314454,0E-8,"{""USDT"":2.93198295}","{""USDT"":2.94314454}",14:41 2026-09-28,3M 46S,14:45 2026-09-28
HYPEUSDT,395.570000000,Long,87.89,87.85,-25.55524609,4.86733066,4.86511543,0E-8,"{""USDT"":4.86733066}","{""USDT"":4.86511543}",14:26 2026-09-28,9M 32S,14:36 2026-09-28
TAOUSDT,243.247000000,Long,300.30859826,300.31007145,-20.29324268,10.22688321,10.42470947,0E-8,"{""USDT"":10.22688321}","{""USDT"":10.42470947}",14:16 2026-09-28,1H 21M,15:38 2026-09-28
WLDUSDT,70789.600000000,Long,0.4982,0.5008,174.15232650,4.93743303,4.96320047,0E-8,"{""USDT"":4.93743303}","{""USDT"":4.96320047}",14:15 2026-09-28,5M 4S,14:21 2026-09-28
ONDOUSDT,33923.000000000,Long,0.518,0.5209,93.44273533,2.46009596,2.47386871,0E-8,"{""USDT"":2.46009596}","{""USDT"":2.47386871}",14:01 2026-09-28,4M 59S,14:06 2026-09-28
NEARUSDT,4132.900000000,Long,5.108,5.13104803,86.87009613,2.95551947,5.42958440,0E-8,"{""USDT"":2.95551947}","{""USDT"":5.42958440}",12:47 2026-09-28,3M 54S,12:51 2026-09-28
ONDOUSDT,32862.000000000,Long,0.535,0.534,-37.78012692,2.46136380,2.45676312,0E-8,"{""USDT"":2.4613638}","{""USDT"":2.45676312}",12:38 2026-09-28,6M 22S,12:45 2026-09-28
NEARUSDT,17434.200000000,Long,4.98362607,5.01483185,517.04076297,12.16397474,14.84296229,0E-8,"{""USDT"":12.16397474}","{""USDT"":14.84296229}",09:42 2026-09-28,51M 56S,10:33 2026-09-28
ONDOUSDT,34407.000000000,Long,0.512,0.5154,112.03483473,2.46629376,2.48267151,0E-8,"{""USDT"":2.46629376}","{""USDT"":2.48267151}",09:26 2026-09-28,2M 40S,09:29 2026-09-28
TAOUSDT,93.184000000,Long,300.46,301.79,116.07791094,3.91972910,3.93707996,0E-8,"{""USDT"":3.91972910}","{""USDT"":3.93707996}",09:03 2026-09-28,3M 53S,09:07 2026-09-28
ONDOUSDT,112436.000000000,Long,0.54603724,0.51967176,-2982.55802933,8.59519403,9.53353530,0E-8,"{""USDT"":8.59519403}","{""USDT"":9.53353530}",07:22 2026-09-28,33M 27S,07:56 2026-09-28
ZROUSDT,60280.300000000,Long,1.45079862,1.46731173,966.36288617,12.24364076,12.41782461,4.39111846,"{""USDT"":12.24364076}","{""USDT"":12.41782461}",07:18 2026-09-28,45M 30S,08:03 2026-09-28
TAOUSDT,111.297000000,Long,303.79,307.33,384.46916457,4.73352832,4.78868711,0E-8,"{""USDT"":4.73352832}","{""USDT"":4.78868711}",05:33 2026-09-28,10M 25S,05:44 2026-09-28
ZROUSDT,56480.600000000,Long,1.55780457,1.51864346,-2236.19745587,12.31800331,12.03634256,0E-8,"{""USDT"":12.31800331}","{""USDT"":12.03634256}",05:21 2026-09-28,1H 22M,06:44 2026-09-28
ONDOUSDT,45325.000000000,Long,0.5792,0.5793268,-6.63455181,3.67531360,8.70623821,0E-8,"{""USDT"":3.6753136}","{""USDT"":8.70623821}",05:12 2026-09-28,6M 8S,05:18 2026-09-28
QUSDT,339110.000000000,Short,0.03337,0.03422,-294.20281582,2.94218631,3.01712951,0E-8,"{""USDT"":2.94218631}","{""USDT"":3.01712951}",04:51 2026-09-28,5M 10S,04:56 2026-09-28
QUSDT,5550.000000000,Short,0.03276,0.03209,3.62492144,0.04727269,0.04630587,0E-8,"{""USDT"":0.04727269}","{""USDT"":0.04630587}",04:39 2026-09-28,0M 14S,04:40 2026-09-28
TAOUSDT,111.230000000,Long,305.48,309.12,395.30652558,4.75699566,4.81367876,0E-8,"{""USDT"":4.75699566}","{""USDT"":4.81367876}",04:04 2026-09-28,16M 53S,04:21 2026-09-28
PUMPFUNUSDT,202900.000000000,Long,0.005009,0.00504,5.95324628,0.14228566,0.14316624,0.05120182,"{""USDT"":0.14228566}","{""USDT"":0.14316624}",03:58 2026-09-28,5M 22S,04:04 2026-09-28
PENGUUSDT,2148680.000000000,Long,0.009855,0.009857,-1.67232180,2.96453381,3.00514799,0E-8,"{""USDT"":2.96453381}","{""USDT"":3.00514799}",03:26 2026-09-28,10M 15S,03:37 2026-09-28
HYPEUSDT,418.540000000,Long,89.09,89.91,332.71418759,5.22028201,5.26833040,0E-8,"{""USDT"":5.22028201}","{""USDT"":5.26833040}",01:55 2026-09-28,1M 19S,01:57 2026-09-28
ONDOUSDT,46379.000000000,Long,0.5662,0.5642,-100.09775507,3.67637058,3.66338449,0E-8,"{""USDT"":3.67637058}","{""USDT"":3.66338449}",00:57 2026-09-28,9M 45S,01:07 2026-09-28
LITUSDT,11806.700000000,Long,4.45789397,4.47779858,220.23765401,7.36862240,7.40152359,0E-8,"{""USDT"":7.36862240}","{""USDT"":7.40152359}",00:56 2026-09-28,2H 10M,03:07 2026-09-28
ONDOUSDT,46298.000000000,Long,0.5667,0.57,145.41562886,3.67319074,3.69458040,0E-8,"{""USDT"":3.67319074}","{""USDT"":3.6945804}",00:41 2026-09-28,2M 38S,00:43 2026-09-28
ONDOUSDT,45668.000000000,Long,0.578,0.57790198,-12.15983501,3.69545456,3.98778045,0E-8,"{""USDT"":3.69545456}","{""USDT"":3.98778045}",00:08 2026-09-28,3M 46S,00:11 2026-09-28
TAOUSDT,105.729000000,Long,319.76,320.68,87.79084854,4.73310675,4.74672471,0E-8,"{""USDT"":4.73310675}","{""USDT"":4.74672471}",22:45 2026-09-27,41M 43S,23:27 2026-09-27
NEARUSDT,9744.800000000,Long,5.4189833,5.44008186,187.53038637,7.39296728,10.67784635,0E-8,"{""USDT"":7.39296728}","{""USDT"":10.67784635}",22:10 2026-09-27,51M 25S,23:01 2026-09-27
TAOUSDT,104.086000000,Long,325.26,325.27323117,-15.21225919,4.73970174,11.84973745,0E-8,"{""USDT"":4.73970174}","{""USDT"":11.84973745}",20:26 2026-09-27,1M 26S,20:27 2026-09-27
VVVUSDT,887.980000000,Long,29.626,29.735,83.08486096,6.83989685,6.86506219,0E-8,"{""USDT"":6.83989685}","{""USDT"":6.86506219}",19:29 2026-09-27,9M 59S,19:39 2026-09-27
QUSDT,8970.000000000,Short,0.03437,0.03359,6.83810368,0.08015772,0.07833860,0E-8,"{""USDT"":0.08015772}","{""USDT"":0.0783386}",17:53 2026-09-27,0M 16S,17:53 2026-09-27
TAOUSDT,105.915000000,Long,321.02,322.11,104.20604024,4.76011670,4.77627930,1.70491376,"{""USDT"":4.76011670}","{""USDT"":4.77627930}",15:01 2026-09-27,58M 51S,16:00 2026-09-27
WLDUSDT,67152.100000000,Long,0.5584,0.5656,472.92806545,5.24968266,5.31737189,0E-8,"{""USDT"":5.24968266}","{""USDT"":5.31737189}",14:40 2026-09-27,2M 7S,14:42 2026-09-27
XPLUSDT,534791.000000000,Long,0.10695148,0.10814015,619.51576109,8.00753633,8.16937258,0E-8,"{""USDT"":8.00753633}","{""USDT"":8.16937258}",13:39 2026-09-27,30M 18S,14:10 2026-09-27
PENGUUSDT,2026480.000000000,Long,0.010277,0.010314,69.13794499,2.91565892,2.92615609,0E-8,"{""USDT"":2.91565892}","{""USDT"":2.92615609}",13:12 2026-09-27,4M 13S,13:16 2026-09-27
TAOUSDT,102.421000000,Long,329.8,330.72,84.75616324,4.72898245,4.74217431,0E-8,"{""USDT"":4.72898245}","{""USDT"":4.74217431}",13:01 2026-09-27,31M 20S,13:32 2026-09-27
PENGUUSDT,2029720.000000000,Long,0.010355,0.01039,65.14528413,2.94248510,2.95243077,0E-8,"{""USDT"":2.94248510}","{""USDT"":2.95243077}",13:01 2026-09-27,5M 57S,13:07 2026-09-27
QUSDT,105810.000000000,Short,0.0504,0.04969,72.37156387,1.38653424,1.36700189,0E-8,"{""USDT"":1.38653424}","{""USDT"":1.36700189}",12:16 2026-09-27,1M 30S,12:18 2026-09-27
QUSDT,230380.000000000,Short,0.04905,0.0488899,34.94568185,2.93803614,2.98268571,-3.98200370,"{""USDT"":2.93803614}","{""USDT"":2.98268571}",11:58 2026-09-27,1M 32S,12:00 2026-09-27
NEARUSDT,4310.900000000,Long,5.22,5.261,170.42134398,3.15040572,3.17515030,0E-8,"{""USDT"":3.15040572}","{""USDT"":3.17515030}",09:08 2026-09-27,3M 57S,09:12 2026-09-27
WLDUSDT,73133.400000000,Long,0.5162,0.5165,9.80895994,5.28520468,6.84585538,0E-8,"{""USDT"":5.28520468}","{""USDT"":6.84585538}",04:28 2026-09-27,14M 47S,04:43 2026-09-27
NEARUSDT,11866.900000000,Long,4.73300145,4.79461302,715.30844238,7.86324774,7.96670988,0E-8,"{""USDT"":7.86324774}","{""USDT"":7.96670988}",20:43 2026-09-26,28M 40S,21:12 2026-09-26
TAOUSDT,254.125000000,Long,315.51945078,316.55574446,240.86047466,11.22539327,11.26226207,0E-8,"{""USDT"":11.22539327}","{""USDT"":11.26226207}",20:09 2026-09-26,1H 8M,21:18 2026-09-26
PENGUUSDT,2131690.000000000,Long,0.009851,0.009871,36.74803332,2.93989900,2.94586768,0E-8,"{""USDT"":2.93989900}","{""USDT"":2.94586768}",20:09 2026-09-26,16M 6S,20:25 2026-09-26
TAOUSDT,104.764000000,Long,324.2,324.16727922,-15.21703121,4.75502844,7.03404277,0E-8,"{""USDT"":4.75502844}","{""USDT"":7.03404277}",18:39 2026-09-26,47M 13S,19:26 2026-09-26
NEARUSDT,7006.700000000,Long,4.82,4.82393119,15.27531722,4.72812116,7.54126162,0E-8,"{""USDT"":4.72812116}","{""USDT"":7.54126162}",12:39 2026-09-26,1H 15M,13:54 2026-09-26
LITUSDT,5505.600000000,Long,4.792,4.80199397,47.36783751,3.69359697,3.96136552,0E-8,"{""USDT"":3.69359697}","{""USDT"":3.96136552}",09:18 2026-09-26,1H 1M,10:20 2026-09-26
PUMPFUNUSDT,2464400.000000000,Long,0.00445,0.004482,75.77911703,1.53532120,1.54636177,0E-8,"{""USDT"":1.5353212}","{""USDT"":1.54636177}",09:15 2026-09-26,49M 41S,10:05 2026-09-26
PENGUUSDT,826160.000000000,Long,0.010063,0.010146,65.81478885,1.16391076,1.17351073,0.41906966,"{""USDT"":1.16391076}","{""USDT"":1.17351073}",03:50 2026-09-26,12M 22S,04:03 2026-09-26
NEARUSDT,4328.000000000,Long,4.848,4.879,128.27421615,2.93750016,2.95628369,0E-8,"{""USDT"":2.93750016}","{""USDT"":2.95628369}",03:11 2026-09-26,3M 40S,03:15 2026-09-26
NEARUSDT,4308.600000000,Long,4.874,4.89086098,64.04178744,2.94001631,5.66539625,0E-8,"{""USDT"":2.94001631}","{""USDT"":5.66539625}",02:01 2026-09-26,5M 33S,02:06 2026-09-26
RAYDIUMUSDT,6018.100000000,Long,1.9887,2.0022,77.88188103,1.67554739,1.68692158,0E-8,"{""USDT"":1.67554739}","{""USDT"":1.68692158}",01:59 2026-09-26,6M 44S,02:06 2026-09-26
TAOUSDT,90.453000000,Long,311.74,314.09,204.63940172,3.94769456,3.97745372,0E-8,"{""USDT"":3.94769456}","{""USDT"":3.97745372}",00:38 2026-09-26,42M 57S,01:21 2026-09-26
NEARUSDT,19153.700000000,Long,4.92978254,4.93516032,69.88277039,13.21930069,19.90232892,0E-8,"{""USDT"":13.21930069}","{""USDT"":19.90232892}",21:25 2026-09-25,39M 7S,22:04 2026-09-25
TAOUSDT,91.111000000,Long,307.14,310.36,285.50087403,3.91773657,3.95880940,0E-8,"{""USDT"":3.91773657}","{""USDT"":3.95880940}",21:05 2026-09-25,22M 57S,21:28 2026-09-25
NEARUSDT,14848.800000000,Long,4.94887025,4.99757506,702.53101113,10.28786985,10.38911902,0E-8,"{""USDT"":10.28786985}","{""USDT"":10.38911902}",17:25 2026-09-25,54M 13S,18:19 2026-09-25
ONDOUSDT,46409.000000000,Long,0.5279,0.5325,206.59170545,3.42990360,3.45979095,0E-8,"{""USDT"":3.42990360}","{""USDT"":3.45979095}",15:52 2026-09-25,2M 43S,15:55 2026-09-25
ONDOUSDT,19580.000000000,Long,0.5363,0.5394,57.74929114,1.47010556,1.47860330,0E-8,"{""USDT"":1.47010556}","{""USDT"":1.47860330}",14:18 2026-09-25,2M 50S,14:21 2026-09-25
ONDOUSDT,19565.000000000,Long,0.5398,0.5417,34.21116334,1.47856618,1.48377048,0E-8,"{""USDT"":1.47856618}","{""USDT"":1.48377048}",14:03 2026-09-25,2M 32S,14:06 2026-09-25
PENGUUSDT,1453840.000000000,Long,0.009671,0.009714,58.56954357,1.96841215,1.97716428,0E-8,"{""USDT"":1.96841215}","{""USDT"":1.97716428}",14:03 2026-09-25,3M 7S,14:06 2026-09-25
PENGUUSDT,1440500.000000000,Long,0.009749,0.009831,114.17230131,1.96608083,1.98261786,0E-8,"{""USDT"":1.96608083}","{""USDT"":1.98261786}",13:47 2026-09-25,3M 13S,13:50 2026-09-25
PUMPFUNUSDT,2574700.000000000,Long,0.004078,0.004155,195.28424928,1.46994773,1.49770299,0E-8,"{""USDT"":1.46994773}","{""USDT"":1.49770299}",13:47 2026-09-25,13M 14S,14:00 2026-09-25
NEARUSDT,4278.200000000,Long,4.908,4.94967973,168.05407260,2.93963680,7.32049060,0E-8,"{""USDT"":2.93963680}","{""USDT"":7.32049060}",12:19 2026-09-25,1M 38S,12:20 2026-09-25
LITUSDT,11737.800000000,Long,4.86844329,4.895,295.67321173,8.00027393,8.04391434,0E-8,"{""USDT"":8.00027393}","{""USDT"":8.04391434}",12:06 2026-09-25,47M 48S,12:54 2026-09-25
ONDOUSDT,19308.000000000,Long,0.5438,0.5422,-34.34864239,1.46995666,1.46563167,0.52025406,"{""USDT"":1.46995666}","{""USDT"":1.46563167}",11:46 2026-09-25,15M 34S,12:01 2026-09-25
ONDOUSDT,19093.000000000,Long,0.5499,0.5507,12.33247417,1.46989370,1.47203213,0E-8,"{""USDT"":1.4698937}","{""USDT"":1.47203213}",10:17 2026-09-25,4M 35S,10:22 2026-09-25
ONDOUSDT,21100.000000000,Long,0.5184,0.5198,26.47315720,1.53135360,1.53548920,0E-8,"{""USDT"":1.5313536}","{""USDT"":1.5354892}",03:25 2026-09-25,3M 34S,03:29 2026-09-25
NEARUSDT,7119.500000000,Long,4.475,4.47300853,-27.24926717,4.46036675,8.61060042,0E-8,"{""USDT"":4.46036675}","{""USDT"":8.61060042}",02:44 2026-09-25,1H 34M,04:19 2026-09-25
TAOUSDT,96.284000000,Long,293.72,295.68,180.77166935,3.95927520,3.98569545,0E-8,"{""USDT"":3.95927520}","{""USDT"":3.98569545}",02:36 2026-09-25,28M 20S,03:05 2026-09-25
NEARUSDT,10996.900000000,Long,4.50048262,4.49978641,-25.43879029,6.92879003,10.85390026,0E-8,"{""USDT"":6.92879003}","{""USDT"":10.85390026}",02:36 2026-09-25,6M 30S,02:42 2026-09-25
XPLUSDT,480801.000000000,Long,0.10829874,0.11028301,939.32599406,7.28982025,7.42338569,0E-8,"{""USDT"":7.28982025}","{""USDT"":7.42338569}",01:31 2026-09-25,27M 39S,01:58 2026-09-25
TAOUSDT,87.212000000,Long,294.83,295.8614138,82.73950672,3.59977997,3.61237331,0E-8,"{""USDT"":3.59977997}","{""USDT"":3.61237331}",22:00 2026-09-24,33M 2S,22:33 2026-09-24
LITUSDT,11102.600000000,Long,5.14714294,5.063,-950.07567866,8.00053369,7.86974497,0E-8,"{""USDT"":8.00053369}","{""USDT"":7.86974497}",21:29 2026-09-24,2H 0M,23:30 2026-09-24
NEARUSDT,6803.700000000,Long,4.629,4.682,351.72720486,4.40920584,4.45968930,0E-8,"{""USDT"":4.40920584}","{""USDT"":4.45968930}",20:30 2026-09-24,18M 32S,20:49 2026-09-24
ONDOUSDT,54358.000000000,Long,0.50143994,0.5048,174.98829324,3.81601815,3.84158861,0E-8,"{""USDT"":3.81601815}","{""USDT"":3.84158861}",18:26 2026-09-24,3M 26S,18:30 2026-09-24
ONDOUSDT,22832.000000000,Long,0.5085,0.5096,21.86086371,1.62541008,1.62892621,0E-8,"{""USDT"":1.62541008}","{""USDT"":1.62892621}",18:11 2026-09-24,3M 16S,18:15 2026-09-24
ONDOUSDT,22174.000000000,Long,0.5091,0.515,127.64742492,1.58042968,1.59874540,0E-8,"{""USDT"":1.58042968}","{""USDT"":1.5987454}",18:07 2026-09-24,1M 19S,18:08 2026-09-24
ZROUSDT,13070.800000000,Long,1.4341,1.4536,249.59636301,2.62427684,2.65996015,0E-8,"{""USDT"":2.62427684}","{""USDT"":2.65996015}",18:03 2026-09-24,35M 0S,18:38 2026-09-24
PENGUUSDT,1523010.000000000,Long,0.009846,0.009924,114.57939288,2.09937791,2.11600921,0E-8,"{""USDT"":2.09937791}","{""USDT"":2.11600921}",17:07 2026-09-24,8M 53S,17:16 2026-09-24
ONDOUSDT,21698.000000000,Long,0.5099,0.5142,90.19047093,1.54893343,1.56199564,0E-8,"{""USDT"":1.54893343}","{""USDT"":1.56199564}",16:10 2026-09-24,1M 41S,16:11 2026-09-24
PENGUUSDT,1518060.000000000,Long,0.009878,0.009818,-96.01978468,2.09935555,2.08660387,0.75022526,"{""USDT"":2.09935555}","{""USDT"":2.08660387}",15:53 2026-09-24,21M 32S,16:14 2026-09-24
NEARUSDT,4892.100000000,Long,4.507,4.526,86.76325247,3.08681726,3.09983027,0E-8,"{""USDT"":3.08681726}","{""USDT"":3.09983027}",14:52 2026-09-24,2M 32S,14:55 2026-09-24
TAOUSDT,245.523000000,Long,284.99486488,288.90885933,938.96103272,9.79619137,12.21843591,0E-8,"{""USDT"":9.79619137}","{""USDT"":12.21843591}",14:49 2026-09-24,28M 9S,15:17 2026-09-24
TAOUSDT,104.921000000,Long,278.33,281.54,328.57251313,4.08837268,4.13552419,0E-8,"{""USDT"":4.08837268}","{""USDT"":4.13552419}",12:41 2026-09-24,15M 58S,12:57 2026-09-24
ONDOUSDT,23360.000000000,Long,0.4516,0.4567,116.16549568,1.47691264,1.49359168,0E-8,"{""USDT"":1.47691264}","{""USDT"":1.49359168}",12:35 2026-09-24,0M 45S,12:36 2026-09-24
ZROUSDT,30148.700000000,Long,1.46438347,1.4582,-199.70539053,6.18089616,6.15479683,0.94598754,"{""USDT"":6.18089616}","{""USDT"":6.15479683}",11:57 2026-09-24,1H 6M,13:03 2026-09-24
PUMPFUNUSDT,9975900.000000000,Long,0.0037583,0.00377318,132.75633478,5.24893945,10.62179228,-0.20546651,"{""USDT"":5.24893945}","{""USDT"":10.62179228}",11:41 2026-09-24,28M 48S,12:10 2026-09-24
ONDOUSDT,26562.000000000,Long,0.4191,0.42147112,59.28584387,1.55849880,2.13745733,0E-8,"{""USDT"":1.55849880}","{""USDT"":2.13745733}",10:13 2026-09-24,3M 14S,10:16 2026-09-24
LITUSDT,11651.200000000,Long,5.18656781,5.0212944,-1943.02990073,8.46016370,8.93613703,0E-8,"{""USDT"":8.46016370}","{""USDT"":8.93613703}",09:16 2026-09-24,1H 48M,11:04 2026-09-24
NEARUSDT,23903.500000000,Long,4.1527723,4.2059249,1242.56080330,13.89721106,14.07508564,0E-8,"{""USDT"":13.89721106}","{""USDT"":14.07508564}",08:45 2026-09-24,50M 30S,09:36 2026-09-24
TAOUSDT,104.401000000,Long,287.31,287.67450637,29.49747522,4.19936331,4.35799147,0E-8,"{""USDT"":4.19936331}","{""USDT"":4.35799147}",08:29 2026-09-24,31M 4S,09:01 2026-09-24
NEARUSDT,21350.000000000,Long,4.33747362,4.2970262,-889.36092002,12.96470869,12.84381133,0E-8,"{""USDT"":12.96470869}","{""USDT"":12.84381133}",05:35 2026-09-24,1H 13M,06:48 2026-09-24
LITUSDT,5845.000000000,Long,5.1925679,5.21,92.73169759,4.24907833,4.26334300,0.64648108,"{""USDT"":4.24907833}","{""USDT"":4.26334300}",03:43 2026-09-24,1H 7M,04:50 2026-09-24
RAYDIUMUSDT,1882.600000000,Long,1.965,1.98100119,29.08381612,0.51790326,0.52212062,0E-8,"{""USDT"":0.51790326}","{""USDT"":0.52212062}",02:03 2026-09-24,6M 39S,02:10 2026-09-24
NEARUSDT,3699.700000000,Long,4.257,4.309,187.94757170,2.20494727,2.23188103,0E-8,"{""USDT"":2.20494727}","{""USDT"":2.23188103}",23:33 2026-09-23,19M 24S,23:53 2026-09-23
LITUSDT,4997.600000000,Long,5.252,5.31429098,303.91254649,3.67463537,3.71821814,0E-8,"{""USDT"":3.67463537}","{""USDT"":3.71821814}",21:21 2026-09-23,24M 41S,21:45 2026-09-23
NEARUSDT,7383.200000000,Long,4.295,4.37529489,583.87116702,4.43951816,4.52251482,0E-8,"{""USDT"":4.43951816}","{""USDT"":4.52251482}",20:37 2026-09-23,14M 46S,20:52 2026-09-23
NEARUSDT,4839.000000000,Long,4.339,4.35,47.34255006,2.93949894,2.94695100,0E-8,"{""USDT"":2.93949894}","{""USDT"":2.9469510}",20:27 2026-09-23,3M 37S,20:30 2026-09-23
RAYDIUMUSDT,1622.300000000,Long,2.0016,2.0235,34.61418123,0.45460740,0.45958137,0E-8,"{""USDT"":0.45460740}","{""USDT"":0.45958137}",18:03 2026-09-23,2M 32S,18:06 2026-09-23
LITUSDT,10752.400000000,Long,5.15214296,5.26214977,1167.14978116,7.75570639,7.94959244,-0.01787999,"{""USDT"":7.75570639}","{""USDT"":7.94959244}",15:33 2026-09-23,35M 38S,16:08 2026-09-23
TAOUSDT,221.983000000,Long,294.26590617,294.39216791,3.76790955,9.14508406,9.14900806,5.96595833,"{""USDT"":9.14508406}","{""USDT"":9.14900806}",15:30 2026-09-23,1H 30M,17:01 2026-09-23
NEARUSDT,4655.100000000,Long,4.556,4.574,77.84165116,2.96920899,2.98093985,0E-8,"{""USDT"":2.96920899}","{""USDT"":2.98093985}",14:47 2026-09-23,2M 58S,14:50 2026-09-23
NEARUSDT,4662.800000000,Long,4.434,4.43736538,9.83236534,2.89447973,2.96525493,0E-8,"{""USDT"":2.89447973}","{""USDT"":2.96525493}",14:28 2026-09-23,3M 23S,14:31 2026-09-23
TAOUSDT,95.896000000,Long,300.52,303.7,296.83736060,4.03461325,4.07730615,0E-8,"{""USDT"":4.03461325}","{""USDT"":4.07730615}",14:19 2026-09-23,36M 9S,14:55 2026-09-23
WLDUSDT,210490.200000000,Long,0.43154607,0.42370407,-1677.65102531,12.71707085,14.26893446,0E-8,"{""USDT"":12.71707085}","{""USDT"":14.26893446}",14:10 2026-09-23,10M 54S,14:21 2026-09-23
NEARUSDT,11766.300000000,Long,4.58432936,4.573,-148.38940390,7.55168329,7.53302061,0E-8,"{""USDT"":7.55168329}","{""USDT"":7.53302061}",14:09 2026-09-23,5M 8S,14:14 2026-09-23
ZROUSDT,13103.200000000,Long,1.4305,1.4563,332.76687538,2.62417795,2.67150667,0E-8,"{""USDT"":2.62417795}","{""USDT"":2.67150667}",13:08 2026-09-23,20M 18S,13:28 2026-09-23
TAOUSDT,99.993000000,Long,303.13,305.79666907,256.45050132,4.24352300,4.42817251,1.52604317,"{""USDT"":4.24352300}","{""USDT"":4.42817251}",11:32 2026-09-23,28M 11S,12:00 2026-09-23
PUMPFUNUSDT,6154400.000000000,Long,0.004233,0.00421161,-145.56696305,3.64722054,8.95827991,1.29396260,"{""USDT"":3.64722054}","{""USDT"":8.95827991}",11:20 2026-09-23,46M 1S,12:06 2026-09-23
PENGUUSDT,1456770.000000000,Long,0.010296,0.01024267,-81.88142616,2.09984656,2.08896960,0E-8,"{""USDT"":2.09984656}","{""USDT"":2.08896960}",11:09 2026-09-23,20M 21S,11:29 2026-09-23
PENGUUSDT,2776600.000000000,Long,0.01038129,0.010408,66.06935226,4.03545834,4.04583940,0E-8,"{""USDT"":4.03545834}","{""USDT"":4.04583940}",10:33 2026-09-23,10M 52S,10:44 2026-09-23
NEARUSDT,4916.700000000,Long,4.576,4.538,-193.10811261,3.14983475,3.12367786,0E-8,"{""USDT"":3.14983475}","{""USDT"":3.12367786}",10:06 2026-09-23,11M 27S,10:18 2026-09-23
ONDOUSDT,26059.000000000,Long,0.4317,0.4328,25.51097921,1.57495385,1.57896694,0E-8,"{""USDT"":1.57495385}","{""USDT"":1.57896694}",08:50 2026-09-23,6M 17S,08:56 2026-09-23
TAOUSDT,96.160000000,Long,311.91,314.84,273.31124063,4.19905734,4.23850203,0E-8,"{""USDT"":4.19905734}","{""USDT"":4.23850203}",05:51 2026-09-23,24M 51S,06:16 2026-09-23
PUMPFUNUSDT,4958700.000000000,Long,0.0043381,0.00436343,119.56193595,3.01158983,3.02917422,0E-8,"{""USDT"":3.01158983}","{""USDT"":3.02917422}",01:49 2026-09-23,32M 8S,02:22 2026-09-23
NEARUSDT,8144.600000000,Long,4.268,4.296,218.28375036,4.86656140,4.89848824,0E-8,"{""USDT"":4.8665614}","{""USDT"":4.89848824}",20:08 2026-09-22,52M 50S,21:01 2026-09-22
ZROUSDT,14134.500000000,Long,1.3266,1.3527,362.66403277,2.62511591,2.67676335,0.94453797,"{""USDT"":2.62511591}","{""USDT"":2.67676335}",19:54 2026-09-22,22M 6S,20:16 2026-09-22
TAOUSDT,96.623000000,Long,310.48,310.63,6.09155819,4.19993127,4.20196054,0E-8,"{""USDT"":4.19993127}","{""USDT"":4.20196054}",16:01 2026-09-22,38M 58S,16:40 2026-09-22
PUMPFUNUSDT,2522900.000000000,Long,0.004401,0.00442753,63.21743454,1.55445961,2.16400585,0E-8,"{""USDT"":1.55445961}","{""USDT"":2.16400585}",14:30 2026-09-22,31M 49S,15:02 2026-09-22
NEARUSDT,24145.300000000,Long,4.37020996,4.37968415,199.17956488,14.77280480,14.80483032,0E-8,"{""USDT"":14.77280480}","{""USDT"":14.80483032}",13:57 2026-09-22,1H 5M,15:03 2026-09-22
NEARUSDT,897.400000000,Long,4.475,4.501,22.20469126,0.56222110,0.56548764,0E-8,"{""USDT"":0.56222110}","{""USDT"":0.56548764}",13:37 2026-09-22,3M 25S,13:41 2026-09-22
TAOUSDT,94.419000000,Long,317.66,320.37,247.44158832,4.19903956,4.23486212,0E-8,"{""USDT"":4.19903956}","{""USDT"":4.23486212}",13:24 2026-09-22,31M 40S,13:56 2026-09-22
TAOUSDT,30.420000000,Long,311.15,315.34,124.79170438,1.32512562,1.34297000,0E-8,"{""USDT"":1.32512562}","{""USDT"":1.34297}",11:07 2026-09-22,9M 49S,11:17 2026-09-22
NEARUSDT,5093.200000000,Long,4.416,4.444,136.29199468,3.14881998,3.16878534,0E-8,"{""USDT"":3.14881998}","{""USDT"":3.16878534}",10:25 2026-09-22,2M 7S,10:27 2026-09-22
TAOUSDT,112.069000000,Long,312.22,316.66,487.71944661,4.89862565,4.96828774,0E-8,"{""USDT"":4.89862565}","{""USDT"":4.96828774}",08:28 2026-09-22,7M 20S,08:35 2026-09-22
NEARUSDT,7263.800000000,Long,4.335,4.35,100.12494558,4.40840022,4.42365420,0E-8,"{""USDT"":4.40840022}","{""USDT"":4.4236542}",06:49 2026-09-22,48M 9S,07:38 2026-09-22
NEARUSDT,7667.100000000,Long,4.302,4.31,52.09273087,4.61774099,4.62632814,0E-8,"{""USDT"":4.61774099}","{""USDT"":4.62632814}",04:13 2026-09-22,1H 10M,05:24 2026-09-22
WLDUSDT,23839.400000000,Long,0.4573,0.46195797,105.69164411,1.52624608,3.82532981,0E-8,"{""USDT"":1.52624608}","{""USDT"":3.82532981}",01:19 2026-09-22,3M 25S,01:22 2026-09-22
TAOUSDT,112.691000000,Long,310.51,312.62239256,225.62673507,4.89883567,7.52205926,0E-8,"{""USDT"":4.89883567}","{""USDT"":7.52205926}",01:02 2026-09-22,26M 27S,01:28 2026-09-22
NEARUSDT,7820.600000000,Long,4.028,4.09384667,503.17687035,4.41019276,7.37343689,0E-8,"{""USDT"":4.41019276}","{""USDT"":7.37343689}",20:46 2026-09-21,17M 16S,21:03 2026-09-21
NEARUSDT,18153.400000000,Long,3.95549605,3.981,442.81298575,10.05279828,10.11761597,0E-8,"{""USDT"":10.05279828}","{""USDT"":10.11761597}",17:11 2026-09-21,55M 52S,18:07 2026-09-21
LITUSDT,11914.000000000,Long,4.79801857,4.803,43.33468500,8.00290306,8.01121194,0E-8,"{""USDT"":8.00290306}","{""USDT"":8.01121194}",16:26 2026-09-21,1H 38M,18:05 2026-09-21
PUMPFUNUSDT,5827800.000000000,Long,0.004258,0.00430049,238.50089270,3.47406814,5.64103916,0E-8,"{""USDT"":3.47406814}","{""USDT"":5.64103916}",15:27 2026-09-21,2M 24S,15:30 2026-09-21
NEARUSDT,7841.500000000,Long,4.017,4.066,375.35990173,4.40990281,4.46369546,0E-8,"{""USDT"":4.40990281}","{""USDT"":4.46369546}",15:18 2026-09-21,34M 38S,15:53 2026-09-21
NEARUSDT,13679.000000000,Long,4.13849109,4.17302476,449.19766781,7.92545877,15.26297342,0E-8,"{""USDT"":7.92545877}","{""USDT"":15.26297342}",12:48 2026-09-21,15M 53S,13:03 2026-09-21
NEARUSDT,13283.800000000,Long,4.20318709,4.25268882,641.84553696,7.81680153,7.90886151,0E-8,"{""USDT"":7.81680153}","{""USDT"":7.90886151}",09:59 2026-09-21,21M 42S,10:21 2026-09-21
NEARUSDT,5385.000000000,Long,4.224,4.24,79.77899040,3.18447360,3.19653600,0E-8,"{""USDT"":3.1844736}","{""USDT"":3.19653600}",06:35 2026-09-21,2M 31S,06:38 2026-09-21
NEARUSDT,12310.400000000,Long,4.22293437,4.26250836,471.71856647,7.27804166,8.17499187,0E-8,"{""USDT"":7.27804166}","{""USDT"":8.17499187}",06:03 2026-09-21,26M 22S,06:30 2026-09-21
TAOUSDT,124.145000000,Long,263.09,264.56497169,173.93955822,4.57258314,4.59821864,0E-8,"{""USDT"":4.57258314}","{""USDT"":4.59821864}",01:51 2026-09-21,31M 36S,02:23 2026-09-21
NEARUSDT,7224.500000000,Long,4.129,4.16492224,251.13147822,4.17619447,4.21252731,0E-8,"{""USDT"":4.17619447}","{""USDT"":4.21252731}",01:47 2026-09-21,34M 59S,02:22 2026-09-21
NEARUSDT,5510.700000000,Long,4.215,4.215,-7.98847878,3.25186407,4.73661471,0E-8,"{""USDT"":3.25186407}","{""USDT"":4.73661471}",01:26 2026-09-21,4M 44S,01:31 2026-09-21
NEARUSDT,22146.700000000,Long,4.10847222,4.11647873,137.58118640,12.73847427,26.99793933,0E-8,"{""USDT"":12.73847427}","{""USDT"":26.99793933}",22:42 2026-09-20,26M 37S,23:09 2026-09-20
TAOUSDT,197.617000000,Long,259.23608541,260.46165836,226.03991932,7.17212410,8.98200658,0E-8,"{""USDT"":7.17212410}","{""USDT"":8.98200658}",21:02 2026-09-20,47M 16S,21:49 2026-09-20
WLDUSDT,67624.700000000,Long,0.4324,0.43432867,120.23464822,4.09372889,6.09750289,0E-8,"{""USDT"":4.09372889}","{""USDT"":6.09750289}",21:02 2026-09-20,3M 38S,21:05 2026-09-20
LITUSDT,4200.300000000,Long,4.654,4.709,225.51066273,2.73674749,2.76908978,0E-8,"{""USDT"":2.73674749}","{""USDT"":2.76908978}",18:54 2026-09-20,24M 53S,19:19 2026-09-20
NEARUSDT,7337.000000000,Long,3.986,4.035,351.27398920,4.09433950,4.14467130,0E-8,"{""USDT"":4.09433950}","{""USDT"":4.14467130}",18:36 2026-09-20,27M 14S,19:03 2026-09-20
NEARUSDT,7233.800000000,Long,4.043,4.092,346.21762516,4.09447549,4.14409935,0E-8,"{""USDT"":4.09447549}","{""USDT"":4.14409935}",17:54 2026-09-20,25M 49S,18:20 2026-09-20
NEARUSDT,5552.900000000,Long,4.096,4.132,193.50790342,3.18425498,3.21224160,0E-8,"{""USDT"":3.18425498}","{""USDT"":3.2122416}",17:32 2026-09-20,1M 8S,17:33 2026-09-20
ENAUSDT,88782.000000000,Long,0.21961,0.22102,119.70581819,2.72963812,2.74716369,0E-8,"{""USDT"":2.72963812}","{""USDT"":2.74716369}",17:24 2026-09-20,5M 28S,17:29 2026-09-20
NEARUSDT,5455.600000000,Long,4.169,4.148,-120.91999154,3.18421550,3.16817604,0E-8,"{""USDT"":3.1842155}","{""USDT"":3.16817604}",17:08 2026-09-20,5M 54S,17:13 2026-09-20
TAOUSDT,24.959000000,Long,248.36,250.63,54.91332919,0.86783442,0.87576639,0E-8,"{""USDT"":0.86783442}","{""USDT"":0.87576639}",10:42 2026-09-20,52M 5S,11:34 2026-09-20
BTWUSDT,1370.000000000,Short,0.65266,0.63777,20.15179546,0.12518020,0.12232434,0E-8,"{""USDT"":0.12518020}","{""USDT"":0.12232434}",10:21 2026-09-20,0M 36S,10:21 2026-09-20
LITUSDT,3069.300000000,Long,4.582,4.658,229.29635344,1.96889460,2.00155196,0E-8,"{""USDT"":1.96889460}","{""USDT"":2.00155196}",02:59 2026-09-20,19M 21S,03:19 2026-09-20
TAOUSDT,250.537000000,Long,257.05722767,253.75205726,-849.15963923,9.01632877,8.90039925,3.17543121,"{""USDT"":9.01632877}","{""USDT"":8.90039925}",02:43 2026-09-20,2H 48M,05:32 2026-09-20
ENAUSDT,223132.000000000,Long,0.20557254,0.20122,-983.89786060,6.42177364,6.28580696,0E-8,"{""USDT"":6.42177364}","{""USDT"":6.28580696}",02:31 2026-09-20,15M 10S,02:46 2026-09-20
AKEUSDT,97300.000000000,Short,0.066744,0.066136,55.79680165,1.68848976,1.67310859,0E-8,"{""USDT"":1.68848976}","{""USDT"":1.67310859}",02:01 2026-09-20,2M 51S,02:03 2026-09-20
WLDUSDT,69212.400000000,Long,0.422,0.4262,282.47324585,4.08906860,4.12976555,0E-8,"{""USDT"":4.08906860}","{""USDT"":4.12976555}",21:20 2026-09-19,3M 57S,21:24 2026-09-19
LITUSDT,4047.100000000,Long,4.817,4.83281243,57.56120794,2.72928334,3.70400872,0E-8,"{""USDT"":2.72928334}","{""USDT"":3.70400872}",21:12 2026-09-19,45M 27S,21:58 2026-09-19
NEARUSDT,19536.200000000,Long,3.50452151,3.53791503,632.17788019,9.58510468,10.61941513,0E-8,"{""USDT"":9.58510468}","{""USDT"":10.61941513}",19:08 2026-09-19,23M 26S,19:31 2026-09-19
LITUSDT,12175.500000000,Long,4.91828759,4.93033467,129.44246144,8.38356560,8.85317296,0E-8,"{""USDT"":8.38356560}","{""USDT"":8.85317296}",17:57 2026-09-19,1H 24M,19:22 2026-09-19
TAOUSDT,287.526000000,Long,263.65552621,264.33923249,174.82040350,10.61309466,11.14983184,0E-8,"{""USDT"":10.61309466}","{""USDT"":11.14983184}",17:28 2026-09-19,1H 34M,19:03 2026-09-19
ENAUSDT,95850.000000000,Long,0.19709,0.19795,77.12995821,2.64475074,2.65629105,0E-8,"{""USDT"":2.64475074}","{""USDT"":2.65629105}",13:25 2026-09-19,3M 49S,13:29 2026-09-19
NEARUSDT,14571.900000000,Long,3.59701631,3.59550778,-39.47003815,7.33815067,10.14978748,0E-8,"{""USDT"":7.33815067}","{""USDT"":10.14978748}",12:36 2026-09-19,1H 26M,14:02 2026-09-19
AKEUSDT,99700.000000000,Short,0.065136,0.064385,71.51725659,1.68845544,1.66898797,0E-8,"{""USDT"":1.68845544}","{""USDT"":1.66898797}",09:59 2026-09-19,0M 45S,10:00 2026-09-19
PUMPFUNUSDT,5409300.000000000,Long,0.004075,0.00408636,53.59040307,3.08600565,4.75849128,0E-8,"{""USDT"":3.08600565}","{""USDT"":4.75849128}",05:44 2026-09-19,17M 56S,06:02 2026-09-19
TAOUSDT,121.395000000,Long,252.56,254.83,266.94340442,4.29233312,4.33091246,0E-8,"{""USDT"":4.29233312}","{""USDT"":4.33091246}",04:38 2026-09-19,27M 10S,05:05 2026-09-19
ENAUSDT,127154.000000000,Long,0.17888,0.17525,-467.87308647,3.18434307,3.11972340,0E-8,"{""USDT"":3.18434307}","{""USDT"":3.11972340}",04:23 2026-09-19,32M 40S,04:55 2026-09-19
TAOUSDT,129.522000000,Long,249.48,251.5,252.55012948,4.52384090,4.56046962,0E-8,"{""USDT"":4.52384090}","{""USDT"":4.56046962}",01:21 2026-09-19,23M 56S,01:45 2026-09-19
LITUSDT,5549.000000000,Long,4.684,4.748,347.80865631,3.63881232,3.68853137,0E-8,"{""USDT"":3.63881232}","{""USDT"":3.68853137}",01:18 2026-09-19,25M 33S,01:44 2026-09-19
NEARUSDT,13893.500000000,Long,3.64724888,3.66751548,263.76858889,7.09422737,10.71118374,0E-8,"{""USDT"":7.09422737}","{""USDT"":10.71118374}",20:00 2026-09-18,17M 55S,20:18 2026-09-18
NEARUSDT,6276.300000000,Long,3.696,3.684,-81.80027323,3.24760873,3.23706450,0E-8,"{""USDT"":3.24760873}","{""USDT"":3.23706450}",17:01 2026-09-18,11M 1S,17:12 2026-09-18
WLDUSDT,69775.600000000,Long,0.4148,0.41772308,195.65621262,4.05200865,4.25112873,0E-8,"{""USDT"":4.05200865}","{""USDT"":4.25112873}",16:51 2026-09-18,2M 51S,16:54 2026-09-18
NEARUSDT,13322.400000000,Long,3.60405335,3.63787226,433.11494275,6.72204970,10.71210755,0E-8,"{""USDT"":6.72204970}","{""USDT"":10.71210755}",16:01 2026-09-18,29M 24S,16:30 2026-09-18
NEARUSDT,5702.200000000,Long,3.681,3.701,108.15089027,2.93857179,2.95453794,0E-8,"{""USDT"":2.93857179}","{""USDT"":2.95453794}",15:10 2026-09-18,1M 58S,15:12 2026-09-18
LITUSDT,11009.400000000,Long,4.86428761,4.877,123.80502484,7.49740449,7.51699815,1.13637252,"{""USDT"":7.49740449}","{""USDT"":7.51699815}",11:26 2026-09-18,1H 8M,12:34 2026-09-18
NEARUSDT,7444.400000000,Long,3.473,3.499,186.28807002,3.61961618,3.64671380,0E-8,"{""USDT"":3.61961618}","{""USDT"":3.64671380}",11:07 2026-09-18,27M 13S,11:34 2026-09-18
ENAUSDT,115948.000000000,Long,0.16508,0.16687,202.15846858,2.67969742,2.70875400,0E-8,"{""USDT"":2.67969742}","{""USDT"":2.70875400}",09:42 2026-09-18,4M 2S,09:46 2026-09-18
LITUSDT,4378.600000000,Long,5.001,4.99,-54.28912298,3.06563302,3.05888996,0E-8,"{""USDT"":3.06563302}","{""USDT"":3.05888996}",08:33 2026-09-18,1H 41M,10:14 2026-09-18
PUMPFUNUSDT,4529400.000000000,Long,0.004246,0.00424353,-21.55718595,2.69245655,6.72722895,0.95910045,"{""USDT"":2.69245655}","{""USDT"":6.72722895}",07:52 2026-09-18,10M 10S,08:02 2026-09-18
NEARUSDT,8057.300000000,Long,3.07,3.123,420.05105970,3.46302754,3.52281276,0E-8,"{""USDT"":3.46302754}","{""USDT"":3.52281276}",00:24 2026-09-18,26M 0S,00:50 2026-09-18
LITUSDT,4578.000000000,Long,4.802,4.808,21.30875877,3.07769784,3.08154339,0E-8,"{""USDT"":3.07769784}","{""USDT"":3.08154339}",14:49 2026-09-17,50M 27S,15:39 2026-09-17
NEARUSDT,6757.300000000,Long,2.846,2.85575237,57.49149800,2.69237862,5.71582338,0E-8,"{""USDT"":2.69237862}","{""USDT"":5.71582338}",14:00 2026-09-17,3M 3S,14:03 2026-09-17
HYPEUSDT,350.300000000,Long,78.44,78.8,118.39663592,3.84685448,3.86450960,0E-8,"{""USDT"":3.84685448}","{""USDT"":3.86450960}",18:35 2026-09-16,2M 19S,18:38 2026-09-16
TAOUSDT,128.736000000,Long,213.43,214.51299357,129.25939727,3.84665744,6.31420529,0E-8,"{""USDT"":3.84665744}","{""USDT"":6.31420529}",08:09 2026-09-16,53M 17S,09:02 2026-09-16
CAPUSDT,94740.000000000,Short,0.058,0.0576,35.04849456,1.42867920,1.41882624,0E-8,"{""USDT"":1.4286792}","{""USDT"":1.41882624}",04:06 2026-09-16,0M 55S,04:07 2026-09-16
LITUSDT,3382.700000000,Long,4.063,4.085,70.56068633,1.92414754,1.93456613,0E-8,"{""USDT"":1.92414754}","{""USDT"":1.93456613}",20:29 2026-09-15,24M 30S,20:53 2026-09-15
ONDOUSDT,89145.000000000,Long,0.3345828,0.3307,-354.43472903,4.17569372,4.12723531,0E-8,"{""USDT"":4.17569372}","{""USDT"":4.12723531}",18:37 2026-09-15,14M 7S,18:51 2026-09-15
XLMUSDT,317834.000000000,Long,0.18579429,0.1776,-2620.59306860,8.26724387,7.90262473,0E-8,"{""USDT"":8.26724387}","{""USDT"":7.90262473}",18:37 2026-09-15,14M 16S,18:51 2026-09-15
LITUSDT,8901.900000000,Long,4.09018629,4.101,86.05420295,5.09746018,5.11093687,0E-8,"{""USDT"":5.09746018}","{""USDT"":5.11093687}",16:11 2026-09-15,1H 19M,17:31 2026-09-15
LITUSDT,8537.700000000,Long,4.2394607,4.245,37.15161064,5.06733425,5.07395511,0E-8,"{""USDT"":5.06733425}","{""USDT"":5.07395511}",14:08 2026-09-15,58M 45S,15:07 2026-09-15
XLMUSDT,129334.000000000,Long,0.1947,0.19412366,-86.85316254,3.52538618,8.78737636,0E-8,"{""USDT"":3.52538618}","{""USDT"":8.78737636}",13:37 2026-09-15,4M 54S,13:42 2026-09-15
TAOUSDT,136.299000000,Long,223.4,224.97,204.32354924,4.26288753,4.29284605,1.11014718,"{""USDT"":4.26288753}","{""USDT"":4.29284605}",11:33 2026-09-15,1H 19M,12:52 2026-09-15
TAOUSDT,134.921000000,Long,227.01,226.82995338,-35.34158086,4.28797827,6.87228535,-0.11075276,"{""USDT"":4.28797827}","{""USDT"":6.87228535}",07:50 2026-09-15,1H 9M,09:00 2026-09-15
LITUSDT,3814.600000000,Long,4.465,4.467,2.85911895,2.38450646,2.38557459,0E-8,"{""USDT"":2.38450646}","{""USDT"":2.38557459}",21:10 2026-09-14,54M 26S,22:05 2026-09-14
TAOUSDT,343.664000000,Long,234.81651718,232.2120871,-920.39397209,11.29771774,11.17241088,2.87498347,"{""USDT"":11.29771774}","{""USDT"":11.17241088}",21:01 2026-09-14,7H 45M,04:47 2026-09-15
TAOUSDT,137.578000000,Long,230.46,233.21,369.40878920,4.43887163,4.49183917,0E-8,"{""USDT"":4.43887163}","{""USDT"":4.49183917}",13:08 2026-09-14,24M 42S,13:32 2026-09-14
LITUSDT,4412.100000000,Long,4.39174352,4.418,110.40447417,2.71275372,2.72897211,0E-8,"{""USDT"":2.71275372}","{""USDT"":2.72897211}",13:05 2026-09-14,26M 14S,13:31 2026-09-14
PUMPFUNUSDT,6223200.000000000,Long,0.003483,0.003484,-1.30650388,3.03455683,3.41551519,1.07963186,"{""USDT"":3.03455683}","{""USDT"":3.41551519}",23:55 2026-09-13,6M 11S,00:02 2026-09-14
XLMUSDT,149111.000000000,Long,0.1765,0.1765,-7.80950904,3.68453281,4.12497623,0E-8,"{""USDT"":3.68453281}","{""USDT"":4.12497623}",22:15 2026-09-13,18M 23S,22:33 2026-09-13
LITUSDT,11201.400000000,Long,4.1584541,4.1411353,-209.54992291,6.52127112,6.73084395,2.30300784,"{""USDT"":6.52127112}","{""USDT"":6.73084395}",22:04 2026-09-13,2H 3M,00:08 2026-09-14
WLDUSDT,67572.600000000,Long,0.3846,0.38858833,261.86590175,3.63837910,3.99765915,0E-8,"{""USDT"":3.63837910}","{""USDT"":3.99765915}",19:37 2026-09-13,25M 59S,20:03 2026-09-13
PUMPFUNUSDT,6318600.000000000,Long,0.003567,0.00358128,78.07777804,3.15538250,7.88376440,1.12717506,"{""USDT"":3.15538250}","{""USDT"":7.88376440}",15:57 2026-09-13,3M 17S,16:00 2026-09-13
HYPEUSDT,410.500000000,Long,76.46,76.89005359,161.65377477,4.39415620,10.48906903,0E-8,"{""USDT"":4.3941562}","{""USDT"":10.48906903}",13:26 2026-09-13,4M 21S,13:31 2026-09-13
LSKUSDT,6897.200000000,Short,0.93884,0.96732,-198.27285936,0.90655142,0.93405194,0E-8,"{""USDT"":0.90655142}","{""USDT"":0.93405194}",12:17 2026-09-13,7M 56S,12:25 2026-09-13
NEARUSDT,12399.300000000,Long,2.272,2.28502481,150.37521171,3.94396937,7.17931892,0E-8,"{""USDT"":3.94396937}","{""USDT"":7.17931892}",10:50 2026-09-13,4M 11S,10:54 2026-09-13
HYPEUSDT,399.820000000,Long,76.91,77.37,175.28140785,4.30502187,4.33077028,0E-8,"{""USDT"":4.30502187}","{""USDT"":4.33077028}",10:44 2026-09-13,16M 52S,11:01 2026-09-13
TAOUSDT,131.687000000,Long,232.8,233.01,19.06651290,4.29194279,4.29581431,0E-8,"{""USDT"":4.29194279}","{""USDT"":4.29581431}",08:33 2026-09-13,1H 2M,09:36 2026-09-13
NEARUSDT,11980.700000000,Long,2.309,2.30870493,-16.43595640,3.87288110,9.02787530,0E-8,"{""USDT"":3.87288110}","{""USDT"":9.02787530}",06:50 2026-09-13,8M 59S,06:59 2026-09-13
LITUSDT,4338.800000000,Long,4.327,4.32302747,-22.59808807,2.62835827,2.73372980,0E-8,"{""USDT"":2.62835827}","{""USDT"":2.73372980}",21:56 2026-09-11,1H 53M,23:49 2026-09-11
NEARUSDT,11521.300000000,Long,2.441,2.43471784,-80.81701213,3.93728912,4.50102301,0E-8,"{""USDT"":3.93728912}","{""USDT"":4.50102301}",21:53 2026-09-11,9M 4S,22:02 2026-09-11
TAOUSDT,130.838000000,Long,233.45,234.59,140.58208150,4.27617840,4.29706010,0E-8,"{""USDT"":4.27617840}","{""USDT"":4.2970601}",18:05 2026-09-11,1H 18M,19:24 2026-09-11
LITUSDT,9539.300000000,Long,4.48157734,4.483,2.22282943,5.98515554,5.98705548,-0.62384045,"{""USDT"":5.98515554}","{""USDT"":5.98705548}",18:05 2026-09-11,1H 56M,20:01 2026-09-11
NEARUSDT,10642.000000000,Long,2.58,2.57935258,-14.95918133,3.84389040,4.22549093,0E-8,"{""USDT"":3.8438904}","{""USDT"":4.22549093}",16:20 2026-09-11,5M 23S,16:25 2026-09-11
TAOUSDT,130.104000000,Long,238.11,237.90808161,-36.26656407,4.33706900,4.48574704,1.17335803,"{""USDT"":4.33706900}","{""USDT"":4.48574704}",15:54 2026-09-11,1H 31M,17:25 2026-09-11
ENAUSDT,167463.000000000,Long,0.14999,0.14929,-120.93559086,3.51648856,3.50007718,-3.30507488,"{""USDT"":3.51648856}","{""USDT"":3.50007718}",15:52 2026-09-11,7M 52S,16:00 2026-09-11
LITUSDT,4095.100000000,Long,4.447,4.499,207.81633295,2.54952736,2.57933969,0E-8,"{""USDT"":2.54952736}","{""USDT"":2.57933969}",12:09 2026-09-11,24M 17S,12:33 2026-09-11
WLDUSDT,50171.300000000,Long,0.392,0.3937,79.77246730,2.75340095,2.76534175,0E-8,"{""USDT"":2.75340095}","{""USDT"":2.76534175}",11:01 2026-09-11,17M 19S,11:18 2026-09-11
TAOUSDT,301.042000000,Long,232.41375107,232.17869483,-91.46011353,9.79528211,10.90303142,0E-8,"{""USDT"":9.79528211}","{""USDT"":10.90303142}",09:36 2026-09-11,2H 9M,11:46 2026-09-11
HYPEUSDT,373.380000000,Long,78.06,78.66,217.18455040,4.08044600,4.11180992,-1.34880632,"{""USDT"":4.080446}","{""USDT"":4.11180992}",23:55 2026-09-10,5M 2S,00:00 2026-09-11
PUMPFUNUSDT,5884800.000000000,Long,0.003654,0.003692,217.57023624,3.01042833,3.04173543,0E-8,"{""USDT"":3.01042833}","{""USDT"":3.04173543}",23:14 2026-09-10,2M 31S,23:17 2026-09-10
LITUSDT,8077.200000000,Long,4.45578662,4.391,-535.03059201,5.03863918,4.96537806,1.73207477,"{""USDT"":5.03863918}","{""USDT"":4.96537806}",23:03 2026-09-10,1H 58M,01:01 2026-09-11
NEARUSDT,8517.500000000,Long,2.465,2.486,172.96368001,2.93938925,2.96443074,0E-8,"{""USDT"":2.93938925}","{""USDT"":2.96443074}",22:42 2026-09-10,5M 11S,22:47 2026-09-10
LITUSDT,7907.400000000,Long,4.42436141,4.45,192.91036238,4.89792742,4.92631020,0E-8,"{""USDT"":4.89792742}","{""USDT"":4.9263102}",18:05 2026-09-10,33M 32S,18:38 2026-09-10
TAOUSDT,126.510000000,Long,237.04,239.1,252.17749390,4.19831035,4.23479575,0E-8,"{""USDT"":4.19831035}","{""USDT"":4.23479575}",16:16 2026-09-10,25M 23S,16:42 2026-09-10
TAOUSDT,125.239000000,Long,239.46,241.21,210.74044174,4.19856237,4.22924589,0E-8,"{""USDT"":4.19856237}","{""USDT"":4.22924589}",14:52 2026-09-10,41M 47S,15:33 2026-09-10
PUMPFUNUSDT,5230900.000000000,Long,0.003855,0.00387,72.80628165,2.82311673,2.83410162,0E-8,"{""USDT"":2.82311673}","{""USDT"":2.83410162}",12:46 2026-09-10,3M 59S,12:50 2026-09-10
TAOUSDT,284.511000000,Long,245.89034238,244.02100383,-551.36130353,9.79419113,9.71973240,0E-8,"{""USDT"":9.79419113}","{""USDT"":9.71973240}",12:30 2026-09-10,1H 32M,14:03 2026-09-10
LITUSDT,2652.700000000,Long,4.401,4.497,251.35467854,1.63443459,1.67008687,0E-8,"{""USDT"":1.63443459}","{""USDT"":1.67008687}",12:10 2026-09-10,3M 42S,12:14 2026-09-10
NEARUSDT,8829.900000000,Long,2.377,2.39201205,126.65951405,2.93841413,2.95697182,0E-8,"{""USDT"":2.93841413}","{""USDT"":2.95697182}",09:42 2026-09-10,3M 16S,09:45 2026-09-10
LITUSDT,1591.800000000,Long,4.467,4.504,56.54075187,0.99547993,1.00372541,0.35664279,"{""USDT"":0.99547993}","{""USDT"":1.00372541}",07:39 2026-09-10,42M 57S,08:22 2026-09-10
NEARUSDT,8466.400000000,Long,2.451,2.46914846,144.08221398,2.90516055,6.66472547,0E-8,"{""USDT"":2.90516055}","{""USDT"":6.66472547}",07:09 2026-09-10,1M 30S,07:10 2026-09-10
PUMPFUNUSDT,5001700.000000000,Long,0.003943,0.003974,149.50891572,2.76103846,2.78274582,0E-8,"{""USDT"":2.76103846}","{""USDT"":2.78274582}",07:08 2026-09-10,8M 55S,07:17 2026-09-10
TAOUSDT,0.030000000,Long,252.42,254.0,0.04527303,0.00106017,0.00106680,0E-8,"{""USDT"":0.00106017}","{""USDT"":0.0010668}",06:17 2026-09-10,28M 19S,06:45 2026-09-10
PUMPFUNUSDT,5071600.000000000,Long,0.004003,0.00400452,-0.66012734,2.84222608,5.53110126,0E-8,"{""USDT"":2.84222608}","{""USDT"":5.53110126}",05:03 2026-09-10,5M 31S,05:09 2026-09-10
WLDUSDT,21216.600000000,Long,0.4037,0.40607637,46.21256591,1.19911981,3.00685428,0E-8,"{""USDT"":1.19911981}","{""USDT"":3.00685428}",00:45 2026-09-10,6M 27S,00:52 2026-09-10
TAOUSDT,109.721000000,Long,250.58,253.23,283.02165477,3.84914437,3.88985086,0E-8,"{""USDT"":3.84914437}","{""USDT"":3.88985086}",22:08 2026-09-09,55M 19S,23:04 2026-09-09
ENAUSDT,96858.000000000,Long,0.1499,0.15174,174.12844538,2.03266201,2.05761261,0E-8,"{""USDT"":2.03266201}","{""USDT"":2.05761261}",22:08 2026-09-09,1M 23S,22:09 2026-09-09
PUMPFUNUSDT,15997900.000000000,Long,0.00425592,0.004161,-1537.39532958,9.53201283,9.31941675,0E-8,"{""USDT"":9.53201283}","{""USDT"":9.31941675}",21:33 2026-09-09,21M 57S,21:55 2026-09-09
PUMPFUNUSDT,7612400.000000000,Long,0.004273,0.00430813,258.26528253,4.55388995,4.59132752,0E-8,"{""USDT"":4.55388995}","{""USDT"":4.59132752}",20:31 2026-09-09,1M 34S,20:32 2026-09-09
PUMPFUNUSDT,6950800.000000000,Long,0.004361,0.004422,413.94710903,4.24374144,4.30310133,1.50484820,"{""USDT"":4.24374144}","{""USDT"":4.30310133}",19:59 2026-09-09,1M 21S,20:01 2026-09-09
PUMPFUNUSDT,6576000.000000000,Long,0.004491,0.004483,-60.86982338,4.13459424,4.12722914,0E-8,"{""USDT"":4.13459424}","{""USDT"":4.12722914}",19:54 2026-09-09,3M 56S,19:58 2026-09-09
LITUSDT,9495.900000000,Long,4.78991248,4.672,-1134.51135968,6.36783421,6.21107829,2.24734718,"{""USDT"":6.36783421}","{""USDT"":6.21107829}",19:35 2026-09-09,2H 17M,21:53 2026-09-09
PUMPFUNUSDT,6299600.000000000,Long,0.004642,0.004669,161.87741931,4.09398410,4.11779659,0E-8,"{""USDT"":4.09398410}","{""USDT"":4.11779659}",17:35 2026-09-09,4M 28S,17:40 2026-09-09
NEARUSDT,8295.900000000,Long,2.55,2.55049457,-6.26426309,2.96163630,7.40552679,0E-8,"{""USDT"":2.9616363}","{""USDT"":7.40552679}",15:21 2026-09-09,7M 6S,15:28 2026-09-09
PUMPFUNUSDT,5972500.000000000,Long,0.004539,0.00456,117.81437109,3.79528491,3.81284400,0E-8,"{""USDT"":3.79528491}","{""USDT"":3.812844}",15:07 2026-09-09,5M 48S,15:13 2026-09-09
LITUSDT,6117.000000000,Long,4.90318555,4.92777048,141.61994542,4.19899006,4.56706452,0E-8,"{""USDT"":4.19899006}","{""USDT"":4.56706452}",15:07 2026-09-09,42M 14S,15:49 2026-09-09
TAOUSDT,114.497000000,Long,261.98,263.61,178.20512302,4.19942937,4.22555761,0E-8,"{""USDT"":4.19942937}","{""USDT"":4.22555761}",13:56 2026-09-09,36M 19S,14:33 2026-09-09
TAOUSDT,37.546000000,Long,256.64,258.60693176,70.36823694,1.73444499,1.74773807,0E-8,"{""USDT"":1.73444499}","{""USDT"":1.74773807}",09:55 2026-09-09,26M 20S,10:21 2026-09-09
WLDUSDT,47055.300000000,Long,0.4462,0.44932523,134.91264641,3.77929348,8.36662011,0E-8,"{""USDT"":3.77929348}","{""USDT"":8.36662011}",09:41 2026-09-09,10M 12S,09:51 2026-09-09
NEARUSDT,8124.600000000,Long,2.254,2.27,123.37757572,3.29631272,3.31971156,0E-8,"{""USDT"":3.29631272}","{""USDT"":3.31971156}",03:17 2026-09-09,13M 24S,03:30 2026-09-09
WLDUSDT,46823.100000000,Long,0.4484,0.4508,104.79684029,3.77918605,3.79941366,0E-8,"{""USDT"":3.77918605}","{""USDT"":3.79941366}",00:32 2026-09-09,5M 10S,00:37 2026-09-09
TAOUSDT,116.468000000,Long,257.54,258.50419686,99.00137687,5.39913037,6.39496085,1.50261191,"{""USDT"":5.39913037}","{""USDT"":6.39496085}",18:52 2026-09-08,1H 8M,20:01 2026-09-08
LITUSDT,3789.600000000,Long,4.749,4.781,114.76652010,3.23942588,3.26125402,0E-8,"{""USDT"":3.23942588}","{""USDT"":3.26125402}",17:27 2026-09-08,3M 40S,17:30 2026-09-08
PENGUUSDT,1482640.000000000,Long,0.008033,0.008051,22.39509916,2.14380852,2.14861232,0E-8,"{""USDT"":2.14380852}","{""USDT"":2.14861232}",13:41 2026-09-08,4M 8S,13:45 2026-09-08
NEARUSDT,7956.400000000,Long,2.262,2.261,-14.43402351,3.23952783,3.23809568,0E-8,"{""USDT"":3.23952783}","{""USDT"":3.23809568}",13:33 2026-09-08,11M 25S,13:44 2026-09-08
ENAUSDT,94141.000000000,Long,0.15929,0.16035807,94.88570125,2.69922961,2.96464914,0E-8,"{""USDT"":2.69922961}","{""USDT"":2.96464914}",11:46 2026-09-08,12M 8S,11:58 2026-09-08
USELESSUSDT,21375.000000000,Short,0.28062,0.27696,74.29947005,1.97942334,1.95360661,0E-8,"{""USDT"":1.97942334}","{""USDT"":1.95360661}",10:25 2026-09-08,0M 38S,10:26 2026-09-08
ENAUSDT,96444.000000000,Long,0.16144,0.16253,99.49986669,2.80258549,2.82150782,0E-8,"{""USDT"":2.80258549}","{""USDT"":2.82150782}",06:21 2026-09-08,15M 25S,06:37 2026-09-08
PENGUUSDT,1498890.000000000,Long,0.008251,0.00825862,5.95722039,2.22612148,3.23151813,0E-8,"{""USDT"":2.22612148}","{""USDT"":3.23151813}",06:20 2026-09-08,39M 16S,06:59 2026-09-08
PUMPFUNUSDT,5700200.000000000,Long,0.00421,0.004244,185.13269163,4.31961156,4.35449681,0E-8,"{""USDT"":4.31961156}","{""USDT"":4.35449681}",06:03 2026-09-08,3M 47S,06:07 2026-09-08
TAOUSDT,113.785000000,Long,256.35,256.72807092,30.81140560,5.25038126,5.49800497,1.45900817,"{""USDT"":5.25038126}","{""USDT"":5.49800497}",02:58 2026-09-08,1H 42M,04:40 2026-09-08
PUMPFUNUSDT,13205900.000000000,Long,0.00440962,0.00435081,-800.44727945,10.48192921,10.51300817,2.86964207,"{""USDT"":10.48192921}","{""USDT"":10.51300817}",02:36 2026-09-08,1H 35M,04:11 2026-09-08
PENGUUSDT,248020.000000000,Long,0.008279,0.008379,24.05832686,0.36960437,0.37406877,0E-8,"{""USDT"":0.36960437}","{""USDT"":0.37406877}",22:40 2026-09-07,23M 11S,23:03 2026-09-07
TAOUSDT,117.041000000,Long,256.31,258.26,217.38930827,5.39978017,5.44086156,0E-8,"{""USDT"":5.39978017}","{""USDT"":5.44086156}",22:39 2026-09-07,20M 1S,22:59 2026-09-07
PENGUUSDT,1423180.000000000,Long,0.008431,0.00846069,35.47691098,2.15978954,4.61604948,0E-8,"{""USDT"":2.15978954}","{""USDT"":4.61604948}",21:49 2026-09-07,3M 59S,21:53 2026-09-07
PUMPFUNUSDT,5501600.000000000,Long,0.004362,0.00437241,44.69030359,4.31963629,8.28616012,0E-8,"{""USDT"":4.31963629}","{""USDT"":8.28616012}",20:07 2026-09-07,3M 4S,20:10 2026-09-07
PUMPFUNUSDT,5555900.000000000,Long,0.004319,0.00431512,-30.94340312,4.31926781,5.08753531,0E-8,"{""USDT"":4.31926781}","{""USDT"":5.08753531}",18:08 2026-09-07,4M 28S,18:12 2026-09-07
LITUSDT,4206.300000000,Long,4.398,4.406,26.98459224,3.32987535,3.33593241,0E-8,"{""USDT"":3.32987535}","{""USDT"":3.33593241}",15:37 2026-09-07,5M 2S,15:42 2026-09-07
TAOUSDT,271.800000000,Long,257.48148245,257.67,22.54330462,12.59702415,12.60624713,3.49249410,"{""USDT"":12.59702415}","{""USDT"":12.60624713}",15:12 2026-09-07,49M 52S,16:02 2026-09-07
PENGUUSDT,1385360.000000000,Long,0.008661,0.008704,55.24026012,2.15974854,2.17047134,0E-8,"{""USDT"":2.15974854}","{""USDT"":2.17047134}",14:07 2026-09-07,3M 59S,14:11 2026-09-07
XLMUSDT,143739.000000000,Long,0.1916,0.19249762,116.19858320,4.95727068,7.86664612,0E-8,"{""USDT"":4.95727068}","{""USDT"":7.86664612}",13:36 2026-09-07,2M 41S,13:39 2026-09-07
PUMPFUNUSDT,6219800.000000000,Long,0.004425,0.004408,-118.54353628,4.95407070,7.83996558,0E-8,"{""USDT"":4.9540707}","{""USDT"":7.83996558}",13:21 2026-09-07,9M 52S,13:31 2026-09-07
WLDUSDT,47488.100000000,Long,0.4422,0.4448,115.88710992,3.77986284,3.80208724,0E-8,"{""USDT"":3.77986284}","{""USDT"":3.80208724}",11:49 2026-09-07,4M 22S,11:53 2026-09-07
NEARUSDT,7368.600000000,Long,2.34,2.30700761,-253.18480095,3.10365432,5.91222387,1.06122276,"{""USDT"":3.10365432}","{""USDT"":5.91222387}",07:36 2026-09-07,25M 7S,08:01 2026-09-07
TAOUSDT,264.534000000,Long,264.56977886,265.02,90.39298285,12.59778634,12.61922415,3.48880666,"{""USDT"":12.59778634}","{""USDT"":12.61922415}",06:24 2026-09-07,1H 39M,08:04 2026-09-07
HYPEUSDT,286.580000000,Long,86.09,86.42,85.67257515,4.44090100,4.45792385,0E-8,"{""USDT"":4.440901}","{""USDT"":4.45792385}",03:01 2026-09-07,2H 4M,05:05 2026-09-07
PUMPFUNUSDT,6948400.000000000,Long,0.003943,0.00394112,-23.69162585,4.93155742,5.69626843,0E-8,"{""USDT"":4.93155742}","{""USDT"":5.69626843}",01:38 2026-09-07,49M 3S,02:27 2026-09-07
TAOUSDT,113.467000000,Long,260.79,262.79,216.24037055,5.32639071,5.36723874,0E-8,"{""USDT"":5.32639071}","{""USDT"":5.36723874}",01:21 2026-09-07,33M 48S,01:55 2026-09-07
NEARUSDT,7646.900000000,Long,2.38,2.369,-90.65262306,3.27593196,3.26079110,0E-8,"{""USDT"":3.27593196}","{""USDT"":3.2607911}",01:09 2026-09-07,19M 49S,01:29 2026-09-07
NEARUSDT,7346.100000000,Long,2.439,2.437,-21.13972509,3.22508483,3.22244026,0E-8,"{""USDT"":3.22508483}","{""USDT"":3.22244026}",22:09 2026-09-06,17M 37S,22:27 2026-09-06
TAOUSDT,266.357000000,Long,262.77127153,262.82,-12.21991464,12.59837418,12.60071046,0E-8,"{""USDT"":12.59837418}","{""USDT"":12.60071046}",22:03 2026-09-06,1H 5M,23:08 2026-09-06
LITUSDT,13192.200000000,Long,4.58224117,4.498,-1132.88820441,10.88097156,10.68093285,0E-8,"{""USDT"":10.88097156}","{""USDT"":10.68093285}",19:08 2026-09-06,18M 48S,19:27 2026-09-06
HYPEUSDT,288.620000000,Long,87.35,88.00617005,174.72229429,4.53797226,10.12353345,0E-8,"{""USDT"":4.53797226}","{""USDT"":10.12353345}",16:42 2026-09-06,2M 9S,16:44 2026-09-06
PUMPFUNUSDT,7530400.000000000,Long,0.003818,0.003808,-85.64082956,5.17519211,5.16163745,0E-8,"{""USDT"":5.17519211}","{""USDT"":5.16163745}",16:34 2026-09-06,7M 6S,16:41 2026-09-06
PUMPFUNUSDT,7452700.000000000,Long,0.003899,0.00390155,4.49035185,5.23045392,9.24749423,0E-8,"{""USDT"":5.23045392}","{""USDT"":9.24749423}",15:42 2026-09-06,6M 14S,15:48 2026-09-06
LITUSDT,5696.000000000,Long,4.464,4.47053397,26.50757945,4.57684992,6.13307063,0E-8,"{""USDT"":4.57684992}","{""USDT"":6.13307063}",15:35 2026-09-06,13M 16S,15:48 2026-09-06
NEARUSDT,7964.900000000,Long,2.349,2.365,120.68002301,3.36771906,3.39065793,0E-8,"{""USDT"":3.36771906}","{""USDT"":3.39065793}",15:23 2026-09-06,2M 34S,15:26 2026-09-06
NEARUSDT,7847.200000000,Long,2.375,2.379,24.67379396,3.35467800,3.36032804,0E-8,"{""USDT"":3.354678}","{""USDT"":3.36032804}",15:01 2026-09-06,4M 37S,15:05 2026-09-06
PENGUUSDT,1435140.000000000,Long,0.008528,0.008531,-0.10134971,2.20299736,2.20377235,0E-8,"{""USDT"":2.20299736}","{""USDT"":2.20377235}",14:25 2026-09-06,8M 43S,14:34 2026-09-06
NEARUSDT,7777.500000000,Long,2.399,2.399,-6.71696013,3.35848008,3.35848005,0E-8,"{""USDT"":3.35848008}","{""USDT"":3.35848005}",14:20 2026-09-06,6M 42S,14:27 2026-09-06
NEARUSDT,7861.300000000,Long,2.339,2.345,40.53978074,3.30976453,3.31825473,0E-8,"{""USDT"":3.30976453}","{""USDT"":3.31825473}",12:49 2026-09-06,9M 31S,12:59 2026-09-06
ENAUSDT,88495.000000000,Long,0.17070028,0.17234058,139.29523064,2.71910195,3.14163071,0.00157670,"{""USDT"":2.71910195}","{""USDT"":3.14163071}",12:44 2026-09-06,7H 10M,19:54 2026-09-06
LITUSDT,1649.200000000,Long,4.546,4.593,74.79943300,1.34950739,1.36345961,0E-8,"{""USDT"":1.34950739}","{""USDT"":1.36345961}",09:03 2026-09-06,2M 20S,09:05 2026-09-06
NEARUSDT,7928.200000000,Long,2.302,2.288,-117.54507887,3.28512896,3.26514991,0E-8,"{""USDT"":3.28512896}","{""USDT"":3.26514991}",08:24 2026-09-06,7M 59S,08:32 2026-09-06
NEARUSDT,8045.800000000,Long,2.238,2.249,82.00552915,3.24117009,3.25710076,0E-8,"{""USDT"":3.24117009}","{""USDT"":3.25710076}",07:13 2026-09-06,2M 32S,07:15 2026-09-06
ENAUSDT,94246.000000000,Long,0.17399,0.17521891,109.82317506,2.95161512,3.04505982,0E-8,"{""USDT"":2.95161512}","{""USDT"":3.04505982}",05:48 2026-09-06,2M 52S,05:51 2026-09-06
PUMPFUNUSDT,7106400.000000000,Long,0.003908,0.003964,387.88891542,4.99892605,5.07055853,0E-8,"{""USDT"":4.99892605}","{""USDT"":5.07055853}",05:11 2026-09-06,1M 39S,05:13 2026-09-06
ENAUSDT,61237.000000000,Long,0.17855,0.17962,61.57560379,1.96809602,1.97989019,0E-8,"{""USDT"":1.96809602}","{""USDT"":1.97989019}",02:22 2026-09-06,6M 13S,02:28 2026-09-06
HYPEUSDT,282.470000000,Long,84.97,85.39,109.97551393,4.32026567,4.34162040,0E-8,"{""USDT"":4.32026567}","{""USDT"":4.34162040}",01:48 2026-09-06,5M 25S,01:54 2026-09-06
PUMPFUNUSDT,6797700.000000000,Long,0.003972,0.00397585,10.60858857,4.86008363,10.67222780,0E-8,"{""USDT"":4.86008363}","{""USDT"":10.67222780}",18:37 2026-09-05,3M 10S,18:40 2026-09-05
NEARUSDT,8486.200000000,Long,2.165,2.16928942,29.78020355,3.30707214,3.31362431,0E-8,"{""USDT"":3.30707214}","{""USDT"":3.31362431}",15:33 2026-09-05,4M 22S,15:38 2026-09-05
NEARUSDT,8290.700000000,Long,2.171,2.18688556,123.50468597,3.23983976,4.95787427,0E-8,"{""USDT"":3.23983976}","{""USDT"":4.95787427}",15:16 2026-09-05,3M 40S,15:20 2026-09-05
NEARUSDT,8005.800000000,Long,2.249,2.242,-62.51232864,3.24090799,3.23082065,0E-8,"{""USDT"":3.24090799}","{""USDT"":3.23082065}",12:18 2026-09-05,14M 35S,12:33 2026-09-05
NEARUSDT,8071.400000000,Long,2.231,2.2397426,60.56855460,3.24131282,6.75513258,0E-8,"{""USDT"":3.24131282}","{""USDT"":6.75513258}",07:25 2026-09-05,8M 14S,07:33 2026-09-05
NEARUSDT,7976.200000000,Long,1.927,1.945,138.01250764,2.76662474,2.79246762,0E-8,"{""USDT"":2.76662474}","{""USDT"":2.79246762}",12:47 2026-09-04,2M 16S,12:49 2026-09-04
PENGUUSDT,1241900.000000000,Long,0.0083,0.008339,44.71458459,1.85539860,1.86411681,0E-8,"{""USDT"":1.85539860}","{""USDT"":1.86411681}",12:45 2026-09-04,3M 36S,12:48 2026-09-04
PENGUUSDT,3230180.000000000,Long,0.00866676,0.0084388,-746.31532843,5.03913743,4.90659100,0E-8,"{""USDT"":5.03913743}","{""USDT"":4.90659100}",12:30 2026-09-04,5M 6S,12:35 2026-09-04
ENAUSDT,213340.000000000,Long,0.16404079,0.16363,-100.22163170,6.29936333,6.28358837,0E-8,"{""USDT"":6.29936333}","{""USDT"":6.28358837}",12:30 2026-09-04,4M 25S,12:34 2026-09-04
ENAUSDT,110196.000000000,Long,0.16334,0.16462,134.54570151,3.23989466,3.26528383,0E-8,"{""USDT"":3.23989466}","{""USDT"":3.26528383}",05:04 2026-09-04,3M 3S,05:07 2026-09-04
ENAUSDT,106664.000000000,Long,0.16455,0.16543,87.52886234,3.15928106,3.17617660,0E-8,"{""USDT"":3.15928106}","{""USDT"":3.1761766}",04:43 2026-09-04,8M 52S,04:52 2026-09-04
LITUSDT,5458.500000000,Long,4.299,4.29782297,-15.55317128,4.22389651,4.90447477,0E-8,"{""USDT"":4.22389651}","{""USDT"":4.90447477}",03:41 2026-09-04,11M 55S,03:53 2026-09-04
PUMPFUNUSDT,6429900.000000000,Long,0.004099,0.004102,9.54812450,4.74410886,4.99746664,0E-8,"{""USDT"":4.74410886}","{""USDT"":4.99746664}",01:26 2026-09-04,7M 46S,01:34 2026-09-04
PUMPFUNUSDT,6547600.000000000,Long,0.004176,0.004144,-219.32888583,4.92169998,4.88398585,0E-8,"{""USDT"":4.92169998}","{""USDT"":4.88398585}",00:57 2026-09-04,9M 25S,01:07 2026-09-04
TAOUSDT,133.090000000,Long,225.47,226.12,75.69011950,5.40140452,5.41697598,0E-8,"{""USDT"":5.40140452}","{""USDT"":5.41697598}",22:29 2026-09-03,1H 6M,23:36 2026-09-03
MAGMAUSDT,364.000000000,Short,0.3652,0.3583,2.42469317,0.04386783,0.04303900,0E-8,"{""USDT"":0.04386783}","{""USDT"":0.043039}",21:25 2026-09-03,0M 34S,21:26 2026-09-03
AKEUSDT,414000.000000000,Short,0.014495,0.01435,56.08919609,1.98030691,1.96049700,0E-8,"{""USDT"":1.98030691}","{""USDT"":1.9604970}",16:53 2026-09-03,1M 21S,16:54 2026-09-03
LITUSDT,6248.400000000,Long,3.839,3.827,-83.60284222,4.31776939,4.30427283,0E-8,"{""USDT"":4.31776939}","{""USDT"":4.30427283}",09:03 2026-09-03,14M 41S,09:18 2026-09-03
PUMPFUNUSDT,6654000.000000000,Long,0.004057,0.004062,23.54571125,4.85915008,4.86513867,0E-8,"{""USDT"":4.85915008}","{""USDT"":4.86513867}",16:55 2026-09-02,13M 25S,17:09 2026-09-02
PUMPFUNUSDT,6571500.000000000,Long,0.004107,0.004119,69.12771136,4.85804709,4.87224155,0E-8,"{""USDT"":4.85804709}","{""USDT"":4.87224155}",14:58 2026-09-02,5M 14S,15:03 2026-09-02
PENGUUSDT,1488090.000000000,Long,0.00815,0.008167,20.92692035,2.18302803,2.18758162,0E-8,"{""USDT"":2.18302803}","{""USDT"":2.18758162}",10:56 2026-09-02,12M 38S,11:09 2026-09-02
ENAUSDT,99740.000000000,Long,0.15034,0.15107386,66.00100573,2.69908409,4.49532018,0E-8,"{""USDT"":2.69908409}","{""USDT"":4.49532018}",10:49 2026-09-02,4M 41S,10:54 2026-09-02
LITUSDT,8208.900000000,Long,3.43291515,3.447,105.45532353,5.07248234,5.09329413,0E-8,"{""USDT"":5.07248234}","{""USDT"":5.09329413}",01:51 2026-09-02,35M 52S,02:26 2026-09-02
PUMPFUNUSDT,5065400.000000000,Long,0.004144,0.00416689,103.96065353,3.77838317,8.19976330,0E-8,"{""USDT"":3.77838317}","{""USDT"":8.19976330}",01:49 2026-09-02,3M 21S,01:53 2026-09-02
LITUSDT,4313.300000000,Long,3.643,3.661,71.18141938,2.82840335,2.84237845,0.78719882,"{""USDT"":2.82840335}","{""USDT"":2.84237845}",19:35 2026-09-01,42M 13S,20:18 2026-09-01
TAOUSDT,137.103000000,Long,218.73,220.91,288.03486644,5.39793719,5.45173637,0E-8,"{""USDT"":5.39793719}","{""USDT"":5.45173637}",18:28 2026-09-01,22M 23S,18:50 2026-09-01
PUMPFUNUSDT,4678300.000000000,Long,0.004287,0.00429,6.81225976,3.61005698,3.61258326,0E-8,"{""USDT"":3.61005698}","{""USDT"":3.61258326}",17:25 2026-09-01,4M 49S,17:30 2026-09-01
NEARUSDT,8137.100000000,Long,1.946,1.96,108.19836772,2.85026340,2.87076888,0E-8,"{""USDT"":2.85026340}","{""USDT"":2.87076888}",16:37 2026-09-01,2M 18S,16:39 2026-09-01
LITUSDT,9435.900000000,Long,3.70719366,3.698,-99.32794009,6.29652760,6.28091249,0E-8,"{""USDT"":6.29652760}","{""USDT"":6.28091249}",16:14 2026-09-01,1H 19M,17:34 2026-09-01
ENAUSDT,6004.000000000,Long,0.1575,0.15885,7.76351422,0.17021340,0.17167238,0E-8,"{""USDT"":0.17021340}","{""USDT"":0.17167238}",15:08 2026-09-01,4M 19S,15:13 2026-09-01
LITUSDT,9744.500000000,Long,3.59134133,3.61122206,180.71328627,6.29924862,6.71526511,0E-8,"{""USDT"":6.29924862}","{""USDT"":6.71526511}",17:25 2026-08-31,53M 6S,18:19 2026-08-31
TAOUSDT,133.639000000,Long,224.92,227.35,312.35335217,5.41045511,5.46890883,1.51005389,"{""USDT"":5.41045511}","{""USDT"":5.46890883}",15:56 2026-08-31,38M 50S,16:35 2026-08-31
BTRUSDT,60382.000000000,Short,0.09996,0.10030113,-24.75920661,1.99180900,2.16958761,0E-8,"{""USDT"":1.99180900}","{""USDT"":2.16958761}",14:39 2026-08-31,2M 31S,14:42 2026-08-31
PUMPFUNUSDT,4152700.000000000,Long,0.004187,0.004241,217.94598792,3.12972394,3.17008814,0E-8,"{""USDT"":3.12972394}","{""USDT"":3.17008814}",02:55 2026-08-31,0M 47S,02:55 2026-08-31
LITUSDT,3508.200000000,Long,3.478,3.504,86.80423456,2.19627353,2.21269191,0E-8,"{""USDT"":2.19627353}","{""USDT"":2.21269191}",01:54 2026-08-31,30M 33S,02:25 2026-08-31
ENAUSDT,248928.000000000,Long,0.15106328,0.14687,-1057.17344828,6.76869831,6.58080997,0E-8,"{""USDT"":6.76869831}","{""USDT"":6.58080997}",23:17 2026-08-30,32M 53S,23:49 2026-08-30
LITUSDT,10976.500000000,Long,3.71919358,3.542,-1961.24778361,7.34827119,6.99817735,1.93603507,"{""USDT"":7.34827119}","{""USDT"":6.99817735}",21:42 2026-08-30,3H 12M,00:55 2026-08-31
LITUSDT,4492.600000000,Long,3.763,3.822,258.92965321,3.04301769,3.09072910,0E-8,"{""USDT"":3.04301769}","{""USDT"":3.0907291}",20:44 2026-08-30,18M 31S,21:03 2026-08-30
TAOUSDT,346.826000000,Long,235.43233584,235.7541009,79.71625651,14.69773024,15.42587278,1.75663047,"{""USDT"":14.69773024}","{""USDT"":15.42587278}",19:45 2026-08-30,1H 43M,21:29 2026-08-30
MAGMAUSDT,12808.000000000,Short,0.5465,0.53611873,128.14121461,2.30985876,2.51222663,0E-8,"{""USDT"":2.30985876}","{""USDT"":2.51222663}",01:20 2026-08-30,0M 52S,01:20 2026-08-30
BTRUSDT,35912.000000000,Short,0.19493,0.1933,53.93566163,2.31010773,2.29079064,0E-8,"{""USDT"":2.31010773}","{""USDT"":2.29079064}",22:10 2026-08-29,1M 0S,22:11 2026-08-29
PENGUUSDT,3838290.000000000,Long,0.00881561,0.0088804,235.98244847,6.09063936,6.57356217,0E-8,"{""USDT"":6.09063936}","{""USDT"":6.57356217}",08:40 2026-08-29,16M 59S,08:57 2026-08-29
ENAUSDT,114077.000000000,Long,0.15612,0.15729,127.03457292,3.20574623,3.22977085,0E-8,"{""USDT"":3.20574623}","{""USDT"":3.22977085}",08:15 2026-08-29,7M 25S,08:22 2026-08-29
ENAUSDT,109586.000000000,Long,0.1597,0.16089,124.08354834,3.15015917,3.17363249,0E-8,"{""USDT"":3.15015917}","{""USDT"":3.17363249}",06:21 2026-08-29,3M 31S,06:25 2026-08-29
BTRUSDT,2449.000000000,Short,0.17709,0.17278,10.27243553,0.14311883,0.13963564,0E-8,"{""USDT"":0.14311883}","{""USDT"":0.13963564}",04:19 2026-08-29,0M 5S,04:19 2026-08-29
BTRUSDT,40152.000000000,Short,0.17434,0.17243,72.09556199,2.31003291,2.28472510,0E-8,"{""USDT"":2.31003291}","{""USDT"":2.28472510}",03:51 2026-08-29,0M 45S,03:52 2026-08-29
PUMPFUNUSDT,5550700.000000000,Long,0.004413,0.004488,407.40927946,4.40914305,4.48407749,0E-8,"{""USDT"":4.40914305}","{""USDT"":4.48407749}",21:47 2026-08-28,2M 14S,21:50 2026-08-28
WLDUSDT,14589.900000000,Long,0.372,0.37575903,51.70536508,0.97693974,2.16160518,0E-8,"{""USDT"":0.97693974}","{""USDT"":2.16160518}",21:23 2026-08-28,2M 1S,21:25 2026-08-28
TAOUSDT,141.105000000,Long,234.11,233.97751795,-32.55650082,5.94613651,7.91648431,0E-8,"{""USDT"":5.94613651}","{""USDT"":7.91648431}",18:09 2026-08-28,1H 0M,19:09 2026-08-28
LITUSDT,14460.700000000,Long,3.38848904,3.375,-212.66576151,8.81998626,8.78487525,0E-8,"{""USDT"":8.81998626}","{""USDT"":8.78487525}",17:50 2026-08-28,1H 11M,19:02 2026-08-28
TAOUSDT,327.168000000,Long,240.08786837,240.74,183.35868406,14.13883234,14.17723639,1.68184721,"{""USDT"":14.13883234}","{""USDT"":14.17723639}",15:51 2026-08-28,51M 32S,16:43 2026-08-28
LITUSDT,13882.000000000,Long,3.39448906,3.407,154.89760072,8.48201351,8.51327540,1.78391037,"{""USDT"":8.48201351}","{""USDT"":8.51327540}",15:51 2026-08-28,36M 59S,16:28 2026-08-28
TAOUSDT,134.791000000,Long,239.72,243.86,546.30193817,5.81617781,5.91662402,0E-8,"{""USDT"":5.81617781}","{""USDT"":5.91662402}",14:13 2026-08-28,19M 58S,14:33 2026-08-28
NEARUSDT,10704.600000000,Long,1.838,1.84607152,75.01615288,3.54150987,7.84473725,0E-8,"{""USDT"":3.54150987}","{""USDT"":7.84473725}",14:02 2026-08-28,3M 12S,14:05 2026-08-28
ENAUSDT,100462.000000000,Long,0.16184,0.16074,-116.34146578,2.92657862,2.90668716,0E-8,"{""USDT"":2.92657862}","{""USDT"":2.90668716}",14:02 2026-08-28,6M 36S,14:08 2026-08-28
ENAUSDT,100563.000000000,Long,0.16162,0.16214,46.43227005,2.92553865,2.93495130,0E-8,"{""USDT"":2.92553865}","{""USDT"":2.93495130}",10:02 2026-08-28,4M 23S,10:06 2026-08-28
ENAUSDT,98947.000000000,Long,0.16716,0.16904,180.03248333,2.97719650,3.01068017,0E-8,"{""USDT"":2.97719650}","{""USDT"":3.01068017}",08:47 2026-08-28,2M 44S,08:49 2026-08-28
WLDUSDT,49659.500000000,Long,0.3928,0.3962,161.78965776,3.51112532,3.54151692,0E-8,"{""USDT"":3.51112532}","{""USDT"":3.54151692}",08:47 2026-08-28,4M 19S,08:51 2026-08-28
ENAUSDT,116568.000000000,Long,0.15802,0.15982183,203.34014146,3.31561357,3.38038497,0E-8,"{""USDT"":3.31561357}","{""USDT"":3.38038497}",04:19 2026-08-28,4M 34S,04:24 2026-08-28
TAOUSDT,142.562000000,Long,242.45,244.81,323.94266317,6.22154825,6.28210858,0E-8,"{""USDT"":6.22154825}","{""USDT"":6.28210858}",04:09 2026-08-28,43M 9S,04:53 2026-08-28
WLDUSDT,51950.900000000,Long,0.3987,0.4012,122.39725546,3.72830834,3.75168620,0E-8,"{""USDT"":3.72830834}","{""USDT"":3.7516862}",04:07 2026-08-28,3M 6S,04:10 2026-08-28
ENAUSDT,100657.000000000,Long,0.16225,0.16456,226.59644143,2.93968769,2.98154088,0E-8,"{""USDT"":2.93968769}","{""USDT"":2.98154088}",03:28 2026-08-28,5M 11S,03:33 2026-08-28
TAOUSDT,311.386000000,Long,247.03616335,246.26331226,-271.75440761,13.84624854,17.25314907,0E-8,"{""USDT"":13.84624854}","{""USDT"":17.25314907}",02:03 2026-08-28,1H 18M,03:22 2026-08-28
LITUSDT,12556.800000000,Long,3.62392032,3.573,-657.89875324,8.19087182,8.07578039,2.23580103,"{""USDT"":8.19087182}","{""USDT"":8.07578039}",01:54 2026-08-28,2H 6M,04:01 2026-08-28
PUMPFUNUSDT,3420500.000000000,Long,0.004752,0.004733,-70.82931966,2.92575888,2.91406078,0E-8,"{""USDT"":2.92575888}","{""USDT"":2.91406078}",18:08 2026-08-27,21M 47S,18:30 2026-08-27
PUMPFUNUSDT,3336800.000000000,Long,0.004871,0.004907,114.25189846,2.92563957,2.94726197,0E-8,"{""USDT"":2.92563957}","{""USDT"":2.94726197}",17:44 2026-08-27,4M 16S,17:49 2026-08-27
TAOUSDT,128.781000000,Long,252.43,254.36056926,234.96487146,5.85147381,6.16781017,1.63648456,"{""USDT"":5.85147381}","{""USDT"":6.16781017}",15:22 2026-08-27,55M 10S,16:17 2026-08-27
TAOUSDT,29.302000000,Long,250.71,254.64,112.49146214,1.32233482,1.34306304,0E-8,"{""USDT"":1.32233482}","{""USDT"":1.34306304}",10:39 2026-08-27,16M 5S,10:55 2026-08-27
ENAUSDT,109123.000000000,Long,0.14893,0.150576,172.65595603,2.92530392,4.03486005,0E-8,"{""USDT"":2.92530392}","{""USDT"":4.03486005}",10:39 2026-08-27,4M 24S,10:44 2026-08-27
TAOUSDT,129.272000000,Long,251.41,254.89,438.08548551,5.85004925,5.93102524,0E-8,"{""USDT"":5.85004925}","{""USDT"":5.93102524}",09:38 2026-08-27,26M 17S,10:05 2026-08-27
PUMPFUNUSDT,8522100.000000000,Long,0.00449804,0.004522,190.35895804,6.89989343,6.93664853,0E-8,"{""USDT"":6.89989343}","{""USDT"":6.93664853}",05:18 2026-08-27,5M 41S,05:24 2026-08-27
WLDUSDT,48381.800000000,Long,0.4005,0.403,113.95704022,3.48784400,3.50961578,0E-8,"{""USDT"":3.48784400}","{""USDT"":3.50961578}",03:54 2026-08-27,21M 2S,04:15 2026-08-27
ENAUSDT,110542.000000000,Long,0.14236,0.1439,164.53880446,2.83261665,2.86325889,0E-8,"{""USDT"":2.83261665}","{""USDT"":2.86325889}",03:12 2026-08-27,7M 8S,03:19 2026-08-27
WLDUSDT,6798.100000000,Long,0.3831,0.3862,20.13274990,0.46878338,0.47257672,0E-8,"{""USDT"":0.46878338}","{""USDT"":0.47257672}",20:21 2026-08-26,3M 35S,20:25 2026-08-26
HYPEUSDT,156.250000000,Long,79.88,79.86870144,-7.33179950,2.24662502,3.31977448,0E-8,"{""USDT"":2.24662502}","{""USDT"":3.31977448}",16:27 2026-08-26,18M 19S,16:45 2026-08-26
ENAUSDT,115195.000000000,Long,0.13651,0.13649159,-8.03119650,2.83054852,3.07967798,0E-8,"{""USDT"":2.83054852}","{""USDT"":3.07967798}",16:11 2026-08-26,24M 39S,16:36 2026-08-26
TAOUSDT,307.205000000,Long,225.43701632,227.91,734.64426533,12.46596817,12.60271650,0E-8,"{""USDT"":12.46596817}","{""USDT"":12.60271650}",14:46 2026-08-26,37M 7S,15:23 2026-08-26
LITUSDT,13064.800000000,Long,3.21421524,3.20932643,-82.53394862,7.55875429,11.10389433,0E-8,"{""USDT"":7.55875429}","{""USDT"":11.10389433}",14:23 2026-08-26,1H 1M,15:25 2026-08-26
PENGUUSDT,1310630.000000000,Long,0.0092,0.0091987,-6.06626420,2.17040328,2.19803092,0E-8,"{""USDT"":2.17040328}","{""USDT"":2.19803092}",13:10 2026-08-26,18M 46S,13:28 2026-08-26
PUMPFUNUSDT,3217600.000000000,Long,0.004661,0.004681,58.94141253,2.69950206,2.71108541,0E-8,"{""USDT"":2.69950206}","{""USDT"":2.71108541}",13:05 2026-08-26,5M 45S,13:10 2026-08-26
HYPEUSDT,146.680000000,Long,81.82,82.52,98.33702958,2.16024437,2.17872605,0E-8,"{""USDT"":2.16024437}","{""USDT"":2.17872605}",12:30 2026-08-26,4M 21S,12:34 2026-08-26
NEARUSDT,9785.800000000,Long,1.84,1.84847251,72.44887052,3.24105696,7.22037252,0E-8,"{""USDT"":3.24105696}","{""USDT"":7.22037252}",12:30 2026-08-26,11M 2S,12:41 2026-08-26
ENAUSDT,107133.000000000,Long,0.13999,0.14012267,8.81200396,2.69955877,2.70211727,0E-8,"{""USDT"":2.69955877}","{""USDT"":2.70211727}",09:42 2026-08-26,8M 57S,09:51 2026-08-26
TAOUSDT,114.290000000,Long,230.37,232.42,224.77389147,4.73921772,4.78139081,0E-8,"{""USDT"":4.73921772}","{""USDT"":4.78139081}",05:06 2026-08-26,24M 55S,05:31 2026-08-26
PUMPFUNUSDT,2745200.000000000,Long,0.004422,0.00448,154.82280132,2.18506940,2.21372928,0E-8,"{""USDT"":2.1850694}","{""USDT"":2.21372928}",00:09 2026-08-26,2M 6S,00:11 2026-08-26
TAOUSDT,131.383000000,Long,228.36,229.94,195.24098452,5.40047195,5.43783727,1.50584626,"{""USDT"":5.40047195}","{""USDT"":5.43783727}",23:51 2026-08-25,32M 0S,00:23 2026-08-26
LITUSDT,13514.800000000,Long,3.23421516,3.25400096,251.48651566,7.86775884,8.04682550,0E-8,"{""USDT"":7.86775884}","{""USDT"":8.04682550}",21:03 2026-08-25,39M 10S,21:42 2026-08-25
HYPEUSDT,339.120000000,Long,78.81940434,78.95,34.65710308,4.81126260,4.81923432,0E-8,"{""USDT"":4.81126260}","{""USDT"":4.81923432}",20:46 2026-08-25,16M 24S,21:03 2026-08-25
TAOUSDT,308.223000000,Long,227.89978045,228.96838815,303.35402750,12.64391190,13.37153060,0E-8,"{""USDT"":12.64391190}","{""USDT"":13.37153060}",20:04 2026-08-25,1H 28M,21:33 2026-08-25
XLMUSDT,76821.000000000,Long,0.1866,0.18764465,73.32166557,2.58026379,4.34947064,0E-8,"{""USDT"":2.58026379}","{""USDT"":4.34947064}",20:04 2026-08-25,6M 20S,20:10 2026-08-25
ENAUSDT,122464.000000000,Long,0.14741,0.14867189,147.86911717,3.24943529,3.41754754,0E-8,"{""USDT"":3.24943529}","{""USDT"":3.41754754}",18:52 2026-08-25,18M 32S,19:10 2026-08-25
PUMPFUNUSDT,2414400.000000000,Long,0.004471,0.00449222,47.01779012,1.94306084,2.26594904,0E-8,"{""USDT"":1.94306084}","{""USDT"":2.26594904}",18:02 2026-08-25,3M 7S,18:05 2026-08-25
LITUSDT,12130.800000000,Long,3.46206774,3.38743894,-926.68430577,7.55957729,13.81772848,0E-8,"{""USDT"":7.55957729}","{""USDT"":13.81772848}",17:08 2026-08-25,2H 11M,19:19 2026-08-25
NEARUSDT,9393.600000000,Long,1.885,1.894,78.15268538,3.18724848,3.20246614,0E-8,"{""USDT"":3.18724848}","{""USDT"":3.20246614}",13:22 2026-08-25,7M 32S,13:30 2026-08-25
HYPEUSDT,149.160000000,Long,79.16,79.21,3.20595552,2.12535101,2.12669347,0E-8,"{""USDT"":2.12535101}","{""USDT"":2.12669347}",13:11 2026-08-25,20M 20S,13:32 2026-08-25
PUMPFUNUSDT,6095800.000000000,Long,0.00459289,0.00458,-88.62589603,5.03951851,5.02537752,0E-8,"{""USDT"":5.03951851}","{""USDT"":5.02537752}",13:10 2026-08-25,6M 52S,13:17 2026-08-25
TAOUSDT,92.449000000,Long,233.68,236.51,253.80632282,3.88862684,3.93572034,0E-8,"{""USDT"":3.88862684}","{""USDT"":3.93572034}",12:07 2026-08-25,23M 48S,12:30 2026-08-25
PUMPFUNUSDT,2577900.000000000,Long,0.004683,0.0046992,37.28697145,2.17301503,2.30161352,0E-8,"{""USDT"":2.17301503}","{""USDT"":2.30161352}",11:14 2026-08-25,4M 22S,11:18 2026-08-25
PENGUUSDT,1241990.000000000,Long,0.009661,0.0096806,19.51261024,2.15979578,2.67430398,0E-8,"{""USDT"":2.15979578}","{""USDT"":2.67430398}",11:13 2026-08-25,17M 28S,11:31 2026-08-25
ENAUSDT,117003.000000000,Long,0.14958,0.15096,155.13460526,3.15023562,3.17929912,0E-8,"{""USDT"":3.15023562}","{""USDT"":3.17929912}",08:51 2026-08-25,20M 49S,09:12 2026-08-25
NEARUSDT,8894.200000000,Long,1.924,1.925,2.73212035,3.08023935,3.08184030,0E-8,"{""USDT"":3.08023935}","{""USDT"":3.0818403}",07:49 2026-08-25,4M 29S,07:53 2026-08-25
TAOUSDT,297.892000000,Long,239.04935608,236.60469791,-758.39020361,12.81796041,13.81375233,3.51438087,"{""USDT"":12.81796041}","{""USDT"":13.81375233}",06:49 2026-08-25,3H 57M,10:46 2026-08-25
PENGUUSDT,1218350.000000000,Long,0.010077,0.010112,38.21474166,2.20991639,2.21759195,0E-8,"{""USDT"":2.20991639}","{""USDT"":2.21759195}",06:40 2026-08-25,7M 53S,06:48 2026-08-25
ENAUSDT,117682.000000000,Long,0.15292,0.1530488,8.62224411,3.23926776,3.29606813,0E-8,"{""USDT"":3.23926776}","{""USDT"":3.29606813}",06:37 2026-08-25,21M 53S,06:59 2026-08-25
WLDUSDT,45347.600000000,Long,0.3969,0.4005,156.01932473,3.59969251,3.63234276,0E-8,"{""USDT"":3.59969251}","{""USDT"":3.63234276}",22:28 2026-08-24,6M 2S,22:34 2026-08-24
TAOUSDT,133.864000000,Long,237.78,240.11776811,299.75047116,6.36603640,6.82648244,0E-8,"{""USDT"":6.36603640}","{""USDT"":6.82648244}",19:06 2026-08-24,31M 4S,19:37 2026-08-24
HYPEUSDT,164.990000000,Long,76.78,77.26,74.11218808,2.53358644,2.54942548,0E-8,"{""USDT"":2.53358644}","{""USDT"":2.54942548}",17:44 2026-08-24,1M 56S,17:46 2026-08-24
HYPEUSDT,158.610000000,Long,77.28,77.47,25.22692050,2.45147616,2.45750334,0E-8,"{""USDT"":2.45147616}","{""USDT"":2.45750334}",17:23 2026-08-24,13M 28S,17:36 2026-08-24
TAOUSDT,129.365000000,Long,236.74,239.47,340.84546863,6.12517405,6.19580732,0E-8,"{""USDT"":6.12517405}","{""USDT"":6.19580732}",17:22 2026-08-24,35M 55S,17:58 2026-08-24
ENAUSDT,113213.000000000,Long,0.15522,0.1565,137.85448870,3.51458440,3.54356690,0E-8,"{""USDT"":3.51458440}","{""USDT"":3.5435669}",17:15 2026-08-24,2M 10S,17:17 2026-08-24
PUMPFUNUSDT,6022000.000000000,Long,0.00474216,0.004722,-132.79963380,5.71145700,5.68717680,0E-8,"{""USDT"":5.71145700}","{""USDT"":5.68717680}",16:58 2026-08-24,18M 27S,17:16 2026-08-24
PUMPFUNUSDT,210700.000000000,Long,0.004842,0.004881,7.80757278,0.20404188,0.20568534,0E-8,"{""USDT"":0.20404188}","{""USDT"":0.20568534}",16:49 2026-08-24,3M 29S,16:53 2026-08-24
ENAUSDT,112976.000000000,Long,0.15924,0.16033,115.92309186,3.59805966,3.62268848,0E-8,"{""USDT"":3.59805966}","{""USDT"":3.62268848}",16:33 2026-08-24,4M 51S,16:38 2026-08-24
LITUSDT,5157.200000000,Long,3.331,3.385,270.69732802,3.43572664,3.49142440,0.86432094,"{""USDT"":3.43572664}","{""USDT"":3.4914244}",15:55 2026-08-24,22M 46S,16:17 2026-08-24
XLMUSDT,166475.000000000,Long,0.1943,0.1949,86.92658600,6.46921850,6.48919550,0E-8,"{""USDT"":6.46921850}","{""USDT"":6.48919550}",13:43 2026-08-24,4M 4S,13:47 2026-08-24
TAOUSDT,136.418000000,Long,238.18,240.44187944,294.83463374,6.49840800,7.22802826,0E-8,"{""USDT"":6.49840800}","{""USDT"":7.22802826}",13:33 2026-08-24,36M 46S,14:10 2026-08-24
TAOUSDT,136.079000000,Long,232.67,235.6,385.96712728,6.33230024,6.41204248,0E-8,"{""USDT"":6.33230024}","{""USDT"":6.41204248}",11:01 2026-08-24,18M 19S,11:19 2026-08-24
ENAUSDT,113988.000000000,Long,0.15791,0.1591,128.41865277,3.59996907,3.62709816,0E-8,"{""USDT"":3.59996907}","{""USDT"":3.62709816}",10:16 2026-08-24,3M 14S,10:19 2026-08-24
NEARUSDT,9152.600000000,Long,1.936,1.9500016,114.80091136,3.54388672,9.80620192,0E-8,"{""USDT"":3.54388672}","{""USDT"":9.80620192}",08:28 2026-08-24,8M 59S,08:37 2026-08-24
LITUSDT,11909.300000000,Long,3.5254941,3.49822527,-341.96077724,8.39723338,8.81084386,0E-8,"{""USDT"":8.39723338}","{""USDT"":8.81084386}",08:10 2026-08-24,1H 7M,09:17 2026-08-24
LITUSDT,12682.000000000,Long,3.5914941,3.624,393.93842076,9.10946564,9.19191360,0E-8,"{""USDT"":9.10946564}","{""USDT"":9.19191360}",06:32 2026-08-24,1H 5M,07:38 2026-08-24
ENAUSDT,282559.000000000,Long,0.16252395,0.16073681,-523.23831753,9.18452080,9.08352673,0E-8,"{""USDT"":9.18452080}","{""USDT"":9.08352673}",06:31 2026-08-24,13M 28S,06:44 2026-08-24
NEARUSDT,9290.800000000,Long,1.979,1.995,141.26847216,3.67729864,3.70702920,0E-8,"{""USDT"":3.67729864}","{""USDT"":3.7070292}",05:36 2026-08-24,1M 56S,05:38 2026-08-24
LITUSDT,5045.800000000,Long,3.642,3.70252586,296.40999876,3.67536072,5.31604052,0E-8,"{""USDT"":3.67536072}","{""USDT"":5.31604052}",05:33 2026-08-24,12M 8S,05:46 2026-08-24
ENAUSDT,132173.000000000,Long,0.16231,0.16239,1.99052537,4.29059993,4.29271470,0E-8,"{""USDT"":4.29059993}","{""USDT"":4.2927147}",03:14 2026-08-24,6M 44S,03:21 2026-08-24
WLDUSDT,49990.200000000,Long,0.3867,0.3892,117.21802070,3.86624208,3.89123722,0E-8,"{""USDT"":3.86624208}","{""USDT"":3.89123722}",01:56 2026-08-24,8M 8S,02:04 2026-08-24
TAOUSDT,332.223000000,Long,233.78382541,235.01,376.21458152,15.53367296,15.61514552,0E-8,"{""USDT"":15.53367296}","{""USDT"":15.61514552}",01:36 2026-08-24,39M 48S,02:16 2026-08-24
HYPEUSDT,163.330000000,Long,79.91,80.75,131.94908044,2.61034006,2.63777950,0E-8,"{""USDT"":2.61034006}","{""USDT"":2.6377795}",01:24 2026-08-24,7M 58S,01:32 2026-08-24
PUMPFUNUSDT,2590500.000000000,Long,0.005041,0.005042,-2.88479558,2.61174210,2.86355348,0E-8,"{""USDT"":2.61174210}","{""USDT"":2.86355348}",01:06 2026-08-24,5M 53S,01:12 2026-08-24
ENAUSDT,113941.000000000,Long,0.15912,0.16064,165.90356510,3.62605839,3.66069651,0E-8,"{""USDT"":3.62605839}","{""USDT"":3.66069651}",00:07 2026-08-24,1M 45S,00:09 2026-08-24
TAOUSDT,128.824000000,Long,236.97,239.08,258.02133194,6.10548466,6.15984839,1.53197501,"{""USDT"":6.10548466}","{""USDT"":6.15984839}",23:42 2026-08-23,28M 51S,00:11 2026-08-24
PUMPFUNUSDT,2283000.000000000,Long,0.005257,0.005305,104.76139080,2.40034620,2.42226300,0E-8,"{""USDT"":2.4003462}","{""USDT"":2.4222630}",23:06 2026-08-23,3M 34S,23:10 2026-08-23
ENAUSDT,110823.000000000,Long,0.16242,0.16368856,130.66383480,3.59997434,6.32173086,0E-8,"{""USDT"":3.59997434}","{""USDT"":6.32173086}",22:17 2026-08-23,7M 38S,22:25 2026-08-23
PUMPFUNUSDT,2318000.000000000,Long,0.005176,0.005236,134.25299680,2.39959360,2.42740960,0E-8,"{""USDT"":2.3995936}","{""USDT"":2.42740960}",21:35 2026-08-23,0M 42S,21:36 2026-08-23
TUTUSDT,89320.000000000,Short,0.067581,0.066016,135.01264632,2.41453402,2.35861966,0E-8,"{""USDT"":2.41453402}","{""USDT"":2.35861966}",21:11 2026-08-23,1M 20S,21:12 2026-08-23
LITUSDT,5482.400000000,Long,3.283,3.291,36.65094048,3.59974384,3.60851568,0E-8,"{""USDT"":3.59974384}","{""USDT"":3.60851568}",20:04 2026-08-23,40M 18S,20:44 2026-08-23
ENAUSDT,119645.000000000,Long,0.16844,0.16705,-174.33449024,4.03060079,3.99733945,0E-8,"{""USDT"":4.03060079}","{""USDT"":3.99733945}",16:05 2026-08-23,7M 57S,16:13 2026-08-23
LITUSDT,14218.300000000,Long,3.23121517,3.2553263,323.38398754,9.18847732,9.25704118,0.98979396,"{""USDT"":9.18847732}","{""USDT"":9.25704118}",15:57 2026-08-23,35M 39S,16:33 2026-08-23
ENAUSDT,114502.000000000,Long,0.17028,0.17164,146.91299333,3.89948012,3.93062468,0.97962187,"{""USDT"":3.89948012}","{""USDT"":3.93062468}",15:54 2026-08-23,6M 28S,16:01 2026-08-23
NEARUSDT,23653.100000000,Long,1.9289407,1.94723717,409.46465893,9.12508544,14.17845563,0E-8,"{""USDT"":9.12508544}","{""USDT"":14.17845563}",14:42 2026-08-23,3M 10S,14:45 2026-08-23
HYPEUSDT,384.000000000,Long,78.99939688,79.6,218.45116632,6.06715368,6.11328000,0E-8,"{""USDT"":6.06715368}","{""USDT"":6.1132800}",14:42 2026-08-23,3M 7S,14:45 2026-08-23
PUMPFUNUSDT,2580900.000000000,Long,0.005172,0.00520869,86.33741116,2.66968296,5.68950588,0E-8,"{""USDT"":2.66968296}","{""USDT"":5.68950588}",14:31 2026-08-23,2M 55S,14:34 2026-08-23
ENAUSDT,116076.000000000,Long,0.16797,0.16955,175.56448569,3.89945715,3.93613716,0E-8,"{""USDT"":3.89945715}","{""USDT"":3.93613716}",14:18 2026-08-23,2M 50S,14:20 2026-08-23
ENAUSDT,115352.000000000,Long,0.16957,0.17055,105.19825555,3.91204773,3.93465672,0E-8,"{""USDT"":3.91204773}","{""USDT"":3.93465672}",13:57 2026-08-23,3M 47S,14:01 2026-08-23
HYPEUSDT,379.110000000,Long,80.00366569,80.09,20.59157808,6.06603794,6.07258398,0E-8,"{""USDT"":6.06603794}","{""USDT"":6.07258398}",13:20 2026-08-23,15M 48S,13:36 2026-08-23
LITUSDT,6015.000000000,Long,3.22,3.2447006,140.43558969,3.87366000,4.26485031,0E-8,"{""USDT"":3.8736600}","{""USDT"":4.26485031}",12:12 2026-08-23,22M 50S,12:35 2026-08-23
ENAUSDT,10405.000000000,Long,0.17395,0.17602,20.81006243,0.36198995,0.36629762,0E-8,"{""USDT"":0.36198995}","{""USDT"":0.36629762}",12:06 2026-08-23,2M 33S,12:09 2026-08-23
PUMPFUNUSDT,2432700.000000000,Long,0.005205,0.00525079,103.65998387,2.53244070,5.19437543,0E-8,"{""USDT"":2.5324407}","{""USDT"":5.19437543}",12:06 2026-08-23,3M 40S,12:09 2026-08-23
ENAUSDT,109163.000000000,Long,0.17297,0.17337,36.10369730,3.77638483,3.78511787,0E-8,"{""USDT"":3.77638483}","{""USDT"":3.78511787}",10:45 2026-08-23,3M 32S,10:49 2026-08-23
ENAUSDT,106273.000000000,Long,0.17433,0.17552,119.02894817,3.70531443,3.73060740,0E-8,"{""USDT"":3.70531443}","{""USDT"":3.73060740}",10:40 2026-08-23,3M 40S,10:43 2026-08-23
ENAUSDT,125258.000000000,Long,0.15074,0.15112,40.03596397,3.77627820,3.78579783,0E-8,"{""USDT"":3.7762782}","{""USDT"":3.78579783}",06:21 2026-08-23,9M 16S,06:30 2026-08-23
LITUSDT,6018.500000000,Long,2.991,3.041,293.66428160,3.60026670,3.66045170,0E-8,"{""USDT"":3.60026670}","{""USDT"":3.66045170}",06:01 2026-08-23,10M 53S,06:12 2026-08-23
XLMUSDT,149048.000000000,Long,0.1901,0.1905,48.27366624,5.66680496,5.67872880,0E-8,"{""USDT"":5.66680496}","{""USDT"":5.6787288}",04:48 2026-08-23,2M 59S,04:51 2026-08-23
ENAUSDT,114475.000000000,Long,0.14833,0.14846,8.08674289,3.39601537,3.39899174,0E-8,"{""USDT"":3.39601537}","{""USDT"":3.39899174}",04:35 2026-08-23,3M 26S,04:38 2026-08-23
PUMPFUNUSDT,2844000.000000000,Long,0.00476989,0.004774,6.25343400,2.71311480,2.71545120,0E-8,"{""USDT"":2.71311480}","{""USDT"":2.71545120}",03:20 2026-08-23,5M 15S,03:25 2026-08-23
ENAUSDT,115633.000000000,Long,0.15215,0.15039,-210.51080158,3.51871219,3.47800939,0E-8,"{""USDT"":3.51871219}","{""USDT"":3.47800939}",03:18 2026-08-23,15M 17S,03:34 2026-08-23
NEARUSDT,9426.600000000,Long,1.836,1.84726691,94.32476089,3.46144752,8.42249159,0E-8,"{""USDT"":3.46144752}","{""USDT"":8.42249159}",03:08 2026-08-23,3M 48S,03:12 2026-08-23
ENAUSDT,289632.000000000,Long,0.15362768,0.15166264,-587.00327494,8.89909878,8.96436616,0E-8,"{""USDT"":8.89909878}","{""USDT"":8.96436616}",02:05 2026-08-23,18M 37S,02:23 2026-08-23
ENAUSDT,121093.000000000,Long,0.15749,0.15756,0.84643997,3.81418741,3.81588262,0E-8,"{""USDT"":3.81418741}","{""USDT"":3.81588262}",01:41 2026-08-23,3M 14S,01:44 2026-08-23
LITUSDT,5738.800000000,Long,3.188,3.234,256.61388528,3.65905888,3.71185584,0E-8,"{""USDT"":3.65905888}","{""USDT"":3.71185584}",01:07 2026-08-23,18M 42S,01:26 2026-08-23
ENAUSDT,116800.000000000,Long,0.15609,0.15635,23.06940158,3.64626242,3.65233600,0E-8,"{""USDT"":3.64626242}","{""USDT"":3.65233600}",00:20 2026-08-23,3M 58S,00:24 2026-08-23
ENAUSDT,15341.000000000,Long,0.15607,0.15713,15.30049974,0.47885399,0.48210627,0E-8,"{""USDT"":0.47885399}","{""USDT"":0.48210627}",23:43 2026-08-22,3M 23S,23:46 2026-08-22
LITUSDT,13087.800000000,Long,3.10678893,3.168,784.69356348,8.13220644,8.29243008,0E-8,"{""USDT"":8.13220644}","{""USDT"":8.29243008}",21:45 2026-08-22,21M 31S,22:07 2026-08-22
TAOUSDT,300.327000000,Long,221.02573791,221.81267708,209.71590222,13.27599943,13.34717835,0E-8,"{""USDT"":13.27599943}","{""USDT"":13.34717835}",21:04 2026-08-22,1H 9M,22:14 2026-08-22
NEARUSDT,21363.500000000,Long,1.90594067,1.89759949,-199.52577727,8.14351270,13.18536457,0E-8,"{""USDT"":8.14351270}","{""USDT"":13.18536457}",21:02 2026-08-22,42M 21S,21:44 2026-08-22
LITUSDT,4322.500000000,Long,3.07,3.12827503,245.62961425,2.65401500,2.93934036,0.67083039,"{""USDT"":2.6540150}","{""USDT"":2.93934036}",15:57 2026-08-22,6M 44S,16:04 2026-08-22
XLMUSDT,144805.000000000,Long,0.1971,0.1976,60.97159330,5.70821310,5.72269360,0E-8,"{""USDT"":5.70821310}","{""USDT"":5.72269360}",14:42 2026-08-22,5M 32S,14:47 2026-08-22
PUMPFUNUSDT,2463300.000000000,Long,0.004602,0.004625,52.11012618,2.26722132,2.27855250,0E-8,"{""USDT"":2.26722132}","{""USDT"":2.2785525}",14:23 2026-08-22,5M 22S,14:28 2026-08-22
LITUSDT,5400.300000000,Long,3.101,3.11812125,85.68641950,3.34926606,3.42421444,0E-8,"{""USDT"":3.34926606}","{""USDT"":3.42421444}",14:11 2026-08-22,1H 0M,15:12 2026-08-22
PUMPFUNUSDT,5440200.000000000,Long,0.00471716,0.00470721,-66.97634792,5.13245796,7.69478996,0E-8,"{""USDT"":5.13245796}","{""USDT"":7.69478996}",14:01 2026-08-22,8M 1S,14:09 2026-08-22
PUMPFUNUSDT,2332300.000000000,Long,0.004675,0.004725,112.23027600,2.18070050,2.20402350,0E-8,"{""USDT"":2.1807005}","{""USDT"":2.2040235}",13:43 2026-08-22,2M 1S,13:45 2026-08-22
ENAUSDT,104325.000000000,Long,0.15692,0.15694002,-4.46597782,3.27413581,3.27999201,0E-8,"{""USDT"":3.27413581}","{""USDT"":3.27999201}",13:32 2026-08-22,5M 54S,13:38 2026-08-22
PUMPFUNUSDT,2182900.000000000,Long,0.004581,0.004656,159.68481054,1.99997298,2.03271648,0E-8,"{""USDT"":1.99997298}","{""USDT"":2.03271648}",12:35 2026-08-22,0M 16S,12:36 2026-08-22
NEARUSDT,8535.400000000,Long,1.873,1.8944611,171.12720163,3.19736084,8.85453753,0E-8,"{""USDT"":3.19736084}","{""USDT"":8.85453753}",12:01 2026-08-22,1M 1S,12:02 2026-08-22
PUMPFUNUSDT,2302700.000000000,Long,0.004426,0.004482,124.84870968,2.03835004,2.06414028,0E-8,"{""USDT"":2.03835004}","{""USDT"":2.06414028}",11:19 2026-08-22,3M 27S,11:23 2026-08-22
LITUSDT,4992.300000000,Long,3.005,3.047,203.63392008,3.00037230,3.04230762,0E-8,"{""USDT"":3.0003723}","{""USDT"":3.04230762}",11:13 2026-08-22,20M 25S,11:33 2026-08-22
TAOUSDT,113.963000000,Long,221.01,224.07637435,339.05336628,5.03739259,5.36246113,0E-8,"{""USDT"":5.03739259}","{""USDT"":5.36246113}",10:22 2026-08-22,14M 3S,10:36 2026-08-22
PUMPFUNUSDT,5581000.000000000,Long,0.00421192,0.00422381,56.27528821,4.70134440,5.37086739,0E-8,"{""USDT"":4.70134440}","{""USDT"":5.37086739}",10:22 2026-08-22,5M 12S,10:27 2026-08-22
ENAUSDT,29968.000000000,Long,0.14435,0.14569,38.41873625,0.86517616,0.87320759,0E-8,"{""USDT"":0.86517616}","{""USDT"":0.87320759}",10:18 2026-08-22,1M 38S,10:20 2026-08-22
XLMUSDT,311908.000000000,Long,0.196425,0.1965,-1.11904691,12.25330558,12.25984133,0E-8,"{""USDT"":12.25330558}","{""USDT"":12.25984133}",10:03 2026-08-22,12M 31S,10:16 2026-08-22
WLDUSDT,39972.400000000,Long,0.3934,0.39466588,42.48317568,3.14502847,4.97195585,0E-8,"{""USDT"":3.14502847}","{""USDT"":4.97195585}",10:03 2026-08-22,7M 6S,10:10 2026-08-22
PUMPFUNUSDT,5354100.000000000,Long,0.00435719,0.004404,241.23624102,4.66576770,4.71589128,0E-8,"{""USDT"":4.66576770}","{""USDT"":4.71589128}",09:57 2026-08-22,3M 55S,10:01 2026-08-22
XLMUSDT,125080.000000000,Long,0.1999,0.19981591,-28.03226768,5.00069840,12.51366928,0E-8,"{""USDT"":5.00069840}","{""USDT"":12.51366928}",09:47 2026-08-22,5M 29S,09:53 2026-08-22
XLMUSDT,124872.000000000,Long,0.2007,0.2016,102.33759888,5.01236208,5.03483904,0E-8,"{""USDT"":5.01236208}","{""USDT"":5.03483904}",09:03 2026-08-22,2M 6S,09:06 2026-08-22
WLDUSDT,37650.100000000,Long,0.3984,0.4002,61.75670599,2.99995998,3.01351403,0E-8,"{""USDT"":2.99995998}","{""USDT"":3.01351403}",09:03 2026-08-22,4M 40S,09:07 2026-08-22
NEARUSDT,7759.000000000,Long,1.95,1.935,-122.41374300,3.02601000,3.00273300,0E-8,"{""USDT"":3.026010}","{""USDT"":3.0027330}",08:20 2026-08-22,20M 34S,08:41 2026-08-22
HYPEUSDT,376.510000000,Long,77.44087806,77.29,-68.45864458,5.83145300,5.82009158,0E-8,"{""USDT"":5.8314530}","{""USDT"":5.82009158}",08:19 2026-08-22,24M 3S,08:43 2026-08-22
NEARUSDT,7456.000000000,Long,1.965,1.98,105.95721600,2.93020800,2.95257600,0E-8,"{""USDT"":2.930208}","{""USDT"":2.952576}",08:04 2026-08-22,7M 37S,08:12 2026-08-22
PUMPFUNUSDT,5118200.000000000,Long,0.00455789,0.004562,11.71201814,4.66563618,4.66984568,0E-8,"{""USDT"":4.66563618}","{""USDT"":4.66984568}",08:04 2026-08-22,4M 47S,08:09 2026-08-22
PUMPFUNUSDT,2182000.000000000,Long,0.004583,0.004625,87.62562880,2.00002120,2.01835000,0E-8,"{""USDT"":2.0000212}","{""USDT"":2.0183500}",07:17 2026-08-22,1M 44S,07:19 2026-08-22
XLMUSDT,119834.000000000,Long,0.2086,0.2098,133.77309088,4.99947448,5.02823464,0E-8,"{""USDT"":4.99947448}","{""USDT"":5.02823464}",06:52 2026-08-22,2M 33S,06:55 2026-08-22
XLMUSDT,120917.000000000,Long,0.2068,0.2082,159.24768900,5.00112712,5.03498388,0E-8,"{""USDT"":5.00112712}","{""USDT"":5.03498388}",06:32 2026-08-22,1M 19S,06:33 2026-08-22
ENAUSDT,42878.000000000,Long,0.14811,0.14988,73.33861695,1.27013212,1.28531093,0E-8,"{""USDT"":1.27013212}","{""USDT"":1.28531093}",06:06 2026-08-22,1M 22S,06:07 2026-08-22
XLMUSDT,50476.000000000,Long,0.2049,0.2064,71.56184424,2.06850648,2.08364928,0E-8,"{""USDT"":2.06850648}","{""USDT"":2.08364928}",06:05 2026-08-22,0M 35S,06:06 2026-08-22
ENAUSDT,207.000000000,Long,0.14742,0.14757,0.01883741,0.00610319,0.00610940,0E-8,"{""USDT"":0.00610319}","{""USDT"":0.0061094}",05:41 2026-08-22,4M 26S,05:46 2026-08-22
XLMUSDT,247.000000000,Long,0.2008,0.2019,0.25180662,0.00991952,0.00997386,0E-8,"{""USDT"":0.00991952}","{""USDT"":0.00997386}",05:30 2026-08-22,1M 30S,05:32 2026-08-22
XLMUSDT,231.000000000,Long,0.1964,0.19815974,0.37544436,0.00907368,0.02198196,0E-8,"{""USDT"":0.00907368}","{""USDT"":0.02198196}",05:22 2026-08-22,0M 57S,05:23 2026-08-22
ENAUSDT,188.000000000,Long,0.14789,0.14941,0.27458151,0.00556067,0.00561782,0E-8,"{""USDT"":0.00556067}","{""USDT"":0.00561782}",05:21 2026-08-22,1M 51S,05:23 2026-08-22
ENAUSDT,150.000000000,Long,0.1452,0.1495,0.63615900,0.00435600,0.00448500,0E-8,"{""USDT"":0.004356}","{""USDT"":0.004485}",05:16 2026-08-22,0M 36S,05:17 2026-08-22
XLMUSDT,434.000000000,Long,0.19602465,0.1992,1.34379450,0.01701494,0.01729056,0E-8,"{""USDT"":0.01701494}","{""USDT"":0.01729056}",05:16 2026-08-22,0M 48S,05:17 2026-08-22
XLMUSDT,166.000000000,Long,0.1923,0.1979,0.91664536,0.00638436,0.00657028,0E-8,"{""USDT"":0.00638436}","{""USDT"":0.00657028}",05:11 2026-08-22,2M 7S,05:14 2026-08-22
XLMUSDT,418011.000000000,Long,0.21871029,0.20625363,-5272.72471956,18.28466160,47.41895796,0E-8,"{""USDT"":18.28466160}","{""USDT"":47.41895796}",05:07 2026-08-22,2M 40S,05:10 2026-08-22
ENAUSDT,356865.000000000,Long,0.15686311,0.14935,-2721.67379370,11.19579043,29.31378327,0E-8,"{""USDT"":11.19579043}","{""USDT"":29.31378327}",05:06 2026-08-22,3M 19S,05:10 2026-08-22
XLMUSDT,471687.000000000,Long,0.19946764,0.19930534,-121.51355680,18.81725898,26.14049782,0E-8,"{""USDT"":18.81725898}","{""USDT"":26.14049782}",00:06 2026-08-22,10M 10S,00:16 2026-08-22
ENAUSDT,172467.000000000,Long,0.14058,0.1412,97.20998973,4.84908219,4.87046808,0E-8,"{""USDT"":4.84908219}","{""USDT"":4.87046808}",00:04 2026-08-22,3M 52S,00:08 2026-08-22
HYPEUSDT,264.260000000,Long,75.68,76.03113827,81.65814929,3.99983936,7.13381135,0E-8,"{""USDT"":3.99983936}","{""USDT"":7.13381135}",22:34 2026-08-21,4M 21S,22:38 2026-08-21
ENAUSDT,175446.000000000,Long,0.13676,0.1367,-20.12225266,4.79879902,4.79669364,0E-8,"{""USDT"":4.79879902}","{""USDT"":4.79669364}",19:17 2026-08-21,4M 45S,19:21 2026-08-21
TAOUSDT,176.577000000,Long,226.67,227.24,84.61887676,8.00494172,8.02507152,0E-8,"{""USDT"":8.00494172}","{""USDT"":8.02507152}",18:44 2026-08-21,29M 14S,19:13 2026-08-21
WLDUSDT,145992.400000000,Long,0.38344638,0.3832,-58.35473906,11.19605151,11.18885755,0E-8,"{""USDT"":11.19605151}","{""USDT"":11.18885755}",18:42 2026-08-21,26M 4S,19:08 2026-08-21
TAOUSDT,189.259000000,Long,227.69,230.17,452.03149470,8.61847648,8.71234882,0E-8,"{""USDT"":8.61847648}","{""USDT"":8.71234882}",17:21 2026-08-21,45M 16S,18:06 2026-08-21
HYPEUSDT,668.270000000,Long,75.33571775,75.35,-11.70431256,10.06892002,11.17979254,0E-8,"{""USDT"":10.06892002}","{""USDT"":11.17979254}",17:12 2026-08-21,8M 18S,17:20 2026-08-21
ENAUSDT,170485.000000000,Long,0.14803,0.14938429,217.28561897,5.04737892,8.55284211,0E-8,"{""USDT"":5.04737892}","{""USDT"":8.55284211}",16:05 2026-08-21,1M 24S,16:07 2026-08-21
ENAUSDT,165816.000000000,Long,0.14469,0.14725,414.80729535,4.79838345,4.88328120,0E-8,"{""USDT"":4.79838345}","{""USDT"":4.88328120}",15:47 2026-08-21,0M 49S,15:48 2026-08-21
HYPEUSDT,262.790000000,Long,76.17,76.37,44.54080268,4.00334286,4.01385446,0E-8,"{""USDT"":4.00334286}","{""USDT"":4.01385446}",14:02 2026-08-21,3M 7S,14:06 2026-08-21
ENAUSDT,170850.000000000,Long,0.14041,0.14127,137.30599435,4.79780975,4.82719590,0E-8,"{""USDT"":4.79780975}","{""USDT"":4.8271959}",13:30 2026-08-21,3M 26S,13:33 2026-08-21
ENAUSDT,174760.000000000,Long,0.13732,0.13852267,200.27396373,4.79960867,5.10461760,0E-8,"{""USDT"":4.79960867}","{""USDT"":5.10461760}",12:51 2026-08-21,2M 20S,12:53 2026-08-21
ENAUSDT,175682.000000000,Long,0.1381,0.13897,143.10809765,4.85233684,4.88290551,0E-8,"{""USDT"":4.85233684}","{""USDT"":4.88290551}",11:46 2026-08-21,4M 11S,11:50 2026-08-21
XLMUSDT,212476.000000000,Long,0.1882,0.1887,90.22155912,7.99759664,8.01884424,0E-8,"{""USDT"":7.99759664}","{""USDT"":8.01884424}",11:34 2026-08-21,2M 45S,11:37 2026-08-21
XLMUSDT,211058.000000000,Long,0.1895,0.1901,110.61127664,7.99909820,8.02442516,0E-8,"{""USDT"":7.9990982}","{""USDT"":8.02442516}",11:12 2026-08-21,5M 38S,11:18 2026-08-21
ENAUSDT,178587.000000000,Long,0.13436,0.13627,331.43497002,4.79898987,4.86721011,0E-8,"{""USDT"":4.79898987}","{""USDT"":4.86721011}",10:32 2026-08-21,0M 3S,10:32 2026-08-21
XLMUSDT,475378.000000000,Long,0.189025,0.189,-51.85103469,17.97166504,21.99616965,0E-8,"{""USDT"":17.97166504}","{""USDT"":21.99616965}",09:03 2026-08-21,6M 3S,09:09 2026-08-21
HYPEUSDT,749.660000000,Long,74.68571926,74.0,-536.34904726,11.19777926,11.09496800,0E-8,"{""USDT"":11.19777926}","{""USDT"":11.094968}",09:01 2026-08-21,7M 59S,09:09 2026-08-21
ENAUSDT,183603.000000000,Long,0.13064,0.13149,145.23465486,4.79717919,4.82839170,1.20232425,"{""USDT"":4.79717919}","{""USDT"":4.82839170}",07:56 2026-08-21,3M 52S,08:00 2026-08-21
HYPEUSDT,350.170000000,Long,71.59,71.99,130.01251828,5.01373406,5.04174766,0E-8,"{""USDT"":5.01373406}","{""USDT"":5.04174766}",03:15 2026-08-21,3M 1S,03:18 2026-08-21
HYPEUSDT,805.470000000,Long,72.58719034,72.62,3.03519288,11.69336084,11.69864628,0E-8,"{""USDT"":11.69336084}","{""USDT"":11.69864628}",03:04 2026-08-21,4M 58S,03:09 2026-08-21
WLDUSDT,66254.300000000,Long,0.3679,0.3715894,229.73025252,4.87499140,9.83328608,0E-8,"{""USDT"":4.8749914}","{""USDT"":9.83328608}",02:20 2026-08-21,6M 37S,02:26 2026-08-21
BTWUSDT,17580.000000000,Short,0.45484,0.44741,127.44708900,1.59921744,1.57309356,0E-8,"{""USDT"":1.59921744}","{""USDT"":1.57309356}",22:38 2026-08-20,0M 49S,22:39 2026-08-20
LITUSDT,12161.500000000,Long,2.6850837,2.653796,-395.67438221,6.53092908,8.63815313,0E-8,"{""USDT"":6.53092908}","{""USDT"":8.63815313}",18:01 2026-08-20,1H 5M,19:07 2026-08-20
LITUSDT,5220.200000000,Long,2.68,2.738,297.11499128,2.79802720,2.85858152,0E-8,"{""USDT"":2.7980272}","{""USDT"":2.85858152}",13:47 2026-08-20,23M 42S,14:11 2026-08-20
ENAUSDT,241913.000000000,Long,0.09915,0.09908818,-26.79234797,4.79713479,7.04134318,0E-8,"{""USDT"":4.79713479}","{""USDT"":7.04134318}",12:04 2026-08-20,11M 6S,12:15 2026-08-20
BEATUSDT,56130.000000000,Short,0.14239,0.14058,95.24205751,3.19694029,3.15630220,0E-8,"{""USDT"":3.19694029}","{""USDT"":3.15630220}",09:57 2026-08-20,1M 0S,09:58 2026-08-20
XLMUSDT,229902.000000000,Long,0.1664,0.16672818,53.15210270,7.65113856,14.64625874,0E-8,"{""USDT"":7.65113856}","{""USDT"":14.64625874}",03:26 2026-08-20,18M 47S,03:45 2026-08-20
LITUSDT,10459.400000000,Long,2.5970167,2.613,156.27697026,5.43264730,5.46608244,0E-8,"{""USDT"":5.4326473}","{""USDT"":5.46608244}",22:04 2026-08-19,52M 55S,22:57 2026-08-19
ACEUSDT,37490.600000000,Short,0.2,0.1989,38.24865992,1.49962400,1.49137608,0E-8,"{""USDT"":1.499624}","{""USDT"":1.49137608}",18:43 2026-08-19,1M 16S,18:44 2026-08-19
TAOUSDT,198.760000000,Long,188.52,190.07450654,290.05846884,7.49404705,11.42120411,0E-8,"{""USDT"":7.49404705}","{""USDT"":11.42120411}",06:01 2026-08-19,19M 56S,06:21 2026-08-19
WLDUSDT,73732.900000000,Long,0.3181,0.32061901,169.47388530,4.69088712,11.56898758,0E-8,"{""USDT"":4.69088712}","{""USDT"":11.56898758}",23:29 2026-08-18,4M 43S,23:34 2026-08-18
GPSUSDT,422788.000000000,Short,0.018256,0.018008,98.71863010,3.08736724,3.04542666,0E-8,"{""USDT"":3.08736724}","{""USDT"":3.04542666}",21:22 2026-08-18,1M 4S,21:23 2026-08-18
WLDUSDT,70456.800000000,Long,0.3192,0.3225,223.46501424,4.49796216,4.54446360,0E-8,"{""USDT"":4.49796216}","{""USDT"":4.5444636}",20:51 2026-08-18,0M 54S,20:52 2026-08-18
WLDUSDT,155169.200000000,Long,0.32938043,0.3203,-1429.16491851,10.22193952,9.94013899,0E-8,"{""USDT"":10.22193952}","{""USDT"":9.94013899}",02:25 2026-08-18,3H 13M,05:38 2026-08-18
TAOUSDT,454.450000000,Long,192.35829262,192.20173689,-120.63802435,17.48344525,27.66374155,4.34408755,"{""USDT"":17.48344525}","{""USDT"":27.66374155}",01:51 2026-08-18,2H 40M,04:31 2026-08-18
WLDUSDT,64311.400000000,Long,0.3496,0.35,16.72610890,4.49665310,4.50179800,0E-8,"{""USDT"":4.49665310}","{""USDT"":4.501798}",19:51 2026-08-17,29M 47S,20:21 2026-08-17
TAOUSDT,192.406000000,Long,194.73,196.31,288.95379142,7.49344409,7.55424449,0E-8,"{""USDT"":7.49344409}","{""USDT"":7.55424449}",21:40 2026-08-16,1H 22M,23:02 2026-08-16
ENAUSDT,183274.000000000,Long,0.08177,0.08181,1.33496779,2.99726302,2.99872919,0E-8,"{""USDT"":2.99726302}","{""USDT"":2.99872919}",21:40 2026-08-16,7M 4S,21:47 2026-08-16
VELVETUSDT,6990.000000000,Short,1.0714,1.0561,100.99851000,2.99563440,2.95285560,0E-8,"{""USDT"":2.9956344}","{""USDT"":2.9528556}",20:32 2026-08-16,0M 39S,20:33 2026-08-16
VELVETUSDT,820.000000000,Short,0.906,0.8936,9.57773120,0.29716800,0.29310080,0E-8,"{""USDT"":0.297168}","{""USDT"":0.2931008}",04:15 2026-08-16,0M 41S,04:16 2026-08-16
BEATUSDT,2046.000000000,Short,0.366,0.363,5.02149780,0.29953440,0.81696780,0E-8,"{""USDT"":0.2995344}","{""USDT"":0.8169678}",23:50 2026-08-15,0M 44S,23:51 2026-08-15
APRUSDT,3222.000000000,Short,0.23231707,0.23759851,-18.15830688,0.29941024,0.84209664,0E-8,"{""USDT"":0.29941024}","{""USDT"":0.84209664}",06:02 2026-08-15,3M 11S,06:05 2026-08-15
CYSUSDT,525.000000000,Short,1.4746,1.4564,8.93949000,0.30966600,0.30584400,0E-8,"{""USDT"":0.309666}","{""USDT"":0.30584400}",05:46 2026-08-15,0M 45S,05:47 2026-08-15
LITUSDT,5838.600000000,Long,2.251,2.29134935,229.68461530,2.62853772,3.27054698,0E-8,"{""USDT"":2.62853772}","{""USDT"":3.27054698}",04:18 2026-08-15,2M 21S,04:20 2026-08-15
VELVETUSDT,660.000000000,Short,1.1199,1.0931,17.10376800,0.29565360,0.28857840,0E-8,"{""USDT"":0.2956536}","{""USDT"":0.2885784}",03:43 2026-08-15,0M 30S,03:44 2026-08-15
XLMUSDT,239072.000000000,Long,0.1567,0.1566353,-43.55582974,7.49251648,20.59591326,0E-8,"{""USDT"":7.49251648}","{""USDT"":20.59591326}",22:14 2026-08-14,16M 9S,22:30 2026-08-14
CYSUSDT,594.000000000,Short,1.2622,1.24693182,8.25314772,0.29989872,0.51625356,0E-8,"{""USDT"":0.29989872}","{""USDT"":0.51625356}",19:19 2026-08-14,0M 42S,19:19 2026-08-14
TAOUSDT,153.657000000,Long,195.32,195.37102293,-5.07196513,6.00245710,6.90953803,0E-8,"{""USDT"":6.00245710}","{""USDT"":6.90953803}",14:56 2026-08-14,34M 2S,15:30 2026-08-14
CYSUSDT,620.000000000,Short,1.2082,1.1901,10.62722160,0.29963360,0.29514480,0E-8,"{""USDT"":0.2996336}","{""USDT"":0.2951448}",14:43 2026-08-14,1M 14S,14:45 2026-08-14
APRUSDT,1452.000000000,Short,0.5159,0.5063,13.34550624,0.29963472,0.29405904,0E-8,"{""USDT"":0.29963472}","{""USDT"":0.29405904}",08:51 2026-08-14,0M 42S,08:51 2026-08-14
APRUSDT,1540.000000000,Short,0.4864,0.4882,-3.37235360,0.29962240,0.30073120,0E-8,"{""USDT"":0.2996224}","{""USDT"":0.30073120}",07:33 2026-08-14,5M 37S,07:39 2026-08-14
LITUSDT,6095.300000000,Long,2.226,2.22468141,-18.56672040,2.71362756,7.13852215,0.67737069,"{""USDT"":2.71362756}","{""USDT"":7.13852215}",02:39 2026-08-14,1H 28M,04:08 2026-08-14
WLDUSDT,68483.600000000,Long,0.3358,0.33732612,88.07198280,4.59935862,11.84263858,0E-8,"{""USDT"":4.59935862}","{""USDT"":11.84263858}",00:30 2026-08-14,6M 27S,00:36 2026-08-14
LITUSDT,13556.100000000,Long,2.25637849,2.27,172.38249210,6.11753850,6.15446940,0E-8,"{""USDT"":6.11753850}","{""USDT"":6.1544694}",21:53 2026-08-13,41M 15S,22:34 2026-08-13
LITUSDT,13183.100000000,Long,2.3198048,2.33548946,187.36736888,6.11644374,13.28858738,0E-8,"{""USDT"":6.11644374}","{""USDT"":13.28858738}",16:28 2026-08-13,48M 34S,17:16 2026-08-13
APRUSDT,72.000000000,Short,0.5235,0.5183,0.34439616,0.01507680,0.01492704,0E-8,"{""USDT"":0.0150768}","{""USDT"":0.01492704}",15:14 2026-08-13,1M 5S,15:15 2026-08-13
VELVETUSDT,50.000000000,Short,0.7293,0.7213,0.37098800,0.01458600,0.01442600,0E-8,"{""USDT"":0.014586}","{""USDT"":0.014426}",14:45 2026-08-13,1M 25S,14:47 2026-08-13
LITUSDT,5667.600000000,Long,2.313,2.33068053,94.94249524,2.62183176,2.64187300,0E-8,"{""USDT"":2.62183176}","{""USDT"":2.64187300}",22:13 2026-08-12,42M 29S,22:55 2026-08-12
WLDUSDT,69588.400000000,Long,0.3289,0.32922127,5.18437577,4.57752499,12.59467924,0E-8,"{""USDT"":4.57752499}","{""USDT"":12.59467924}",19:15 2026-08-12,25M 22S,19:40 2026-08-12
ENAUSDT,174027.000000000,Long,0.08611,0.08693,136.67941354,2.99709300,3.02563346,0E-8,"{""USDT"":2.997093}","{""USDT"":3.02563346}",19:04 2026-08-12,2M 27S,19:07 2026-08-12
XLMUSDT,236067.000000000,Long,0.1584,0.15871539,58.27747740,7.47860256,8.69782004,0E-8,"{""USDT"":7.47860256}","{""USDT"":8.69782004}",14:40 2026-08-12,19M 54S,15:00 2026-08-12
LITUSDT,13449.400000000,Long,2.27495483,2.262,-186.43856406,6.11935550,6.08450856,0E-8,"{""USDT"":6.11935550}","{""USDT"":6.08450856}",14:04 2026-08-12,56M 43S,15:01 2026-08-12
CAPUSDT,610.000000000,Short,0.06098,0.05899,1.18462732,0.01487912,0.01439356,0E-8,"{""USDT"":0.01487912}","{""USDT"":0.01439356}",12:03 2026-08-12,0M 23S,12:04 2026-08-12
VELVETUSDT,60.000000000,Short,0.592,0.5864,0.30771840,0.01420800,0.01407360,0E-8,"{""USDT"":0.014208}","{""USDT"":0.0140736}",10:33 2026-08-12,1M 8S,10:35 2026-08-12
CYSUSDT,31.000000000,Short,1.2124,1.2006,0.33587880,0.01503376,0.01488744,0E-8,"{""USDT"":0.01503376}","{""USDT"":0.01488744}",05:16 2026-08-12,1M 17S,05:18 2026-08-12
LITUSDT,5481.600000000,Long,2.392,2.414,115.32628608,2.62239744,2.64651648,0E-8,"{""USDT"":2.62239744}","{""USDT"":2.64651648}",20:54 2026-08-11,27M 45S,21:21 2026-08-11
CYSUSDT,23.000000000,Short,1.6233,1.6558,-0.77766772,0.01493436,0.01523336,0E-8,"{""USDT"":0.01493436}","{""USDT"":0.01523336}",16:43 2026-08-11,9M 27S,16:53 2026-08-11
TAOUSDT,149.927000000,Long,198.58,199.08,61.55260476,5.95450074,5.96949347,1.48690103,"{""USDT"":5.95450074}","{""USDT"":5.96949347}",15:36 2026-08-11,38M 12S,16:14 2026-08-11
LITUSDT,12553.000000000,Long,2.43580757,2.41885888,-228.37411440,6.11533848,7.98453204,1.51734388,"{""USDT"":6.11533848}","{""USDT"":7.98453204}",14:56 2026-08-11,1H 17M,16:14 2026-08-11
EPICUSDT,77.000000000,Short,0.485,0.4774,0.55555808,0.01493800,0.01470392,0E-8,"{""USDT"":0.014938}","{""USDT"":0.01470392}",04:58 2026-08-11,0M 24S,04:59 2026-08-11
BICOUSDT,757.800000000,Short,0.049656,0.04886116,0.57443676,0.00752588,0.02036486,0E-8,"{""USDT"":0.00752588}","{""USDT"":0.02036486}",03:45 2026-08-11,1M 15S,03:47 2026-08-11
CYSUSDT,29.000000000,Short,1.3137,1.3065,0.17840568,0.01523892,0.01515540,0E-8,"{""USDT"":0.01523892}","{""USDT"":0.0151554}",00:27 2026-08-11,1M 16S,00:28 2026-08-11
NEARUSDT,3855.400000000,Long,1.5866,1.5957,32.63033211,1.22339553,1.23041236,0E-8,"{""USDT"":1.22339553}","{""USDT"":1.23041236}",22:25 2026-08-10,1H 3M,23:29 2026-08-10
LITUSDT,5531.700000000,Long,2.3705,2.3773,32.36287892,2.62257897,2.63010211,0E-8,"{""USDT"":2.62257897}","{""USDT"":2.63010211}",20:45 2026-08-10,44M 38S,21:30 2026-08-10
TAOUSDT,150.036000000,Long,199.78,201.75357794,283.38361187,5.99483842,6.72928971,0E-8,"{""USDT"":5.99483842}","{""USDT"":6.72928971}",20:00 2026-08-10,12M 59S,20:13 2026-08-10
LITUSDT,5560.700000000,Long,2.3581,2.3929,188.22858285,2.62253734,2.66123981,0E-8,"{""USDT"":2.62253734}","{""USDT"":2.66123981}",19:07 2026-08-10,3M 54S,19:11 2026-08-10
CYSUSDT,32.000000000,Short,1.1851,1.1624,0.69635200,0.01516928,0.01487872,0E-8,"{""USDT"":0.01516928}","{""USDT"":0.01487872}",16:20 2026-08-10,0M 39S,16:20 2026-08-10
WLDUSDT,66072.000000000,Long,0.3403,0.3411,43.85330782,4.49686034,4.50743184,0E-8,"{""USDT"":4.49686034}","{""USDT"":4.50743184}",15:37 2026-08-10,5M 16S,15:42 2026-08-10
ENAUSDT,167900.000000000,Long,0.08925,0.08939814,18.87314556,2.99701500,3.00198944,0E-8,"{""USDT"":2.99701500}","{""USDT"":3.00198944}",13:53 2026-08-10,4M 25S,13:58 2026-08-10
ENAUSDT,168091.000000000,Long,0.08917,0.08971,84.75551634,2.99773490,3.01588876,0E-8,"{""USDT"":2.9977349}","{""USDT"":3.01588876}",13:25 2026-08-10,3M 17S,13:28 2026-08-10
WLDUSDT,50999.000000000,Long,0.3353,0.3392,192.01633488,3.41999295,3.45977217,0E-8,"{""USDT"":3.41999295}","{""USDT"":3.45977217}",12:30 2026-08-10,1M 50S,12:31 2026-08-10
TAOUSDT,148.455000000,Long,201.93,202.78500232,113.41291321,5.99550363,6.02088961,1.50006355,"{""USDT"":5.99550363}","{""USDT"":6.02088961}",23:29 2026-08-09,40M 0S,00:09 2026-08-10
LITUSDT,1226.900000000,Long,2.3037,2.3316,33.09310006,0.56528192,0.57212802,0E-8,"{""USDT"":0.56528192}","{""USDT"":0.57212802}",18:59 2026-08-09,40M 0S,19:39 2026-08-09
AKEUSDT,8700.000000000,Short,0.0042648,0.0042157,0.39765785,0.01484151,0.01467064,0E-8,"{""USDT"":0.01484151}","{""USDT"":0.01467064}",16:23 2026-08-09,0M 46S,16:24 2026-08-09
ENAUSDT,63477.000000000,Long,0.08652,0.08706801,32.58195081,1.09840601,1.10536318,0E-8,"{""USDT"":1.09840601}","{""USDT"":1.10536318}",13:36 2026-08-09,4M 26S,13:41 2026-08-09
1000RATSUSDT,830.000000000,Short,0.04629,0.0461,0.12897121,0.00768414,0.02104465,0E-8,"{""USDT"":0.00768414}","{""USDT"":0.02104465}",12:53 2026-08-09,0M 41S,12:54 2026-08-09
TAOUSDT,147.541000000,Long,203.23,204.59,188.62172580,5.99695155,6.03708265,0E-8,"{""USDT"":5.99695155}","{""USDT"":6.03708265}",11:16 2026-08-09,20M 1S,11:36 2026-08-09
LITUSDT,13419.900000000,Long,2.28048423,2.28692012,80.26263519,6.12077411,6.29570141,-6.31007071,"{""USDT"":6.12077411}","{""USDT"":6.29570141}",15:06 2026-08-08,1H 5M,16:12 2026-08-08
LITUSDT,12679.800000000,Long,2.30871214,2.33895652,370.80108375,5.85480178,6.83675447,0E-8,"{""USDT"":5.85480178}","{""USDT"":6.83675447}",17:50 2026-08-07,41M 2S,18:31 2026-08-07
HYPEUSDT,652.970000000,Long,53.57,53.859,174.67874716,6.99592058,7.03366226,0E-8,"{""USDT"":6.99592058}","{""USDT"":7.03366226}",17:35 2026-08-07,3M 54S,17:39 2026-08-07
1000RATSUSDT,780.000000000,Short,0.0444,0.0441,0.22019400,0.00692640,0.00687960,0E-8,"{""USDT"":0.0069264}","{""USDT"":0.0068796}",15:28 2026-08-07,0M 43S,15:29 2026-08-07
WLDUSDT,71462.700000000,Long,0.2936,0.29551908,121.33412018,4.19628976,11.61240006,0E-8,"{""USDT"":4.19628976}","{""USDT"":11.61240006}",05:41 2026-08-07,6M 26S,05:48 2026-08-07
BLESSUSDT,1450.000000000,Short,0.024103,0.024053,0.04456952,0.01397974,0.01395074,0E-8,"{""USDT"":0.01397974}","{""USDT"":0.01395074}",03:04 2026-08-07,1M 8S,03:06 2026-08-07
BLESSUSDT,1400.000000000,Short,0.024901,0.025377,-0.69455568,0.01394456,0.01421112,0E-8,"{""USDT"":0.01394456}","{""USDT"":0.01421112}",22:01 2026-08-06,10M 25S,22:11 2026-08-06
BANKUSDT,790.000000000,Short,0.04383,0.04362,0.13826580,0.01385028,0.01378392,0E-8,"{""USDT"":0.01385028}","{""USDT"":0.01378392}",12:34 2026-08-06,1M 33S,12:35 2026-08-06
XLMUSDT,218405.000000000,Long,0.16008,0.1600506,-21.13584245,6.99245450,7.72162795,0E-8,"{""USDT"":6.99245450}","{""USDT"":7.72162795}",09:10 2026-08-06,1H 9M,10:19 2026-08-06
ENAUSDT,159522.000000000,Long,0.08991,0.09032,59.65388993,2.86852466,2.88160541,0E-8,"{""USDT"":2.86852466}","{""USDT"":2.88160541}",02:22 2026-08-06,6M 5S,02:28 2026-08-06
XLMUSDT,231875.000000000,Long,0.16097129,0.16249,337.15078259,7.46504349,7.53547392,0E-8,"{""USDT"":7.46504349}","{""USDT"":7.53547392}",02:00 2026-08-06,3H 8M,05:08 2026-08-06
XLMUSDT,131014.000000000,Long,0.16466,0.16496,32.77801989,4.31455308,4.32241389,-2.11078686,"{""USDT"":4.31455308}","{""USDT"":4.32241389}",23:00 2026-08-05,1H 29M,00:29 2026-08-06
BLESSUSDT,1390.000000000,Short,0.025772,0.025461,0.40380444,0.01432924,0.01415632,0E-8,"{""USDT"":0.01432924}","{""USDT"":0.01415632}",22:50 2026-08-05,0M 37S,22:50 2026-08-05
WLDUSDT,67455.100000000,Long,0.3111,0.31423515,196.05302571,4.19705638,11.23162791,0E-8,"{""USDT"":4.19705638}","{""USDT"":11.23162791}",21:37 2026-08-05,1M 35S,21:39 2026-08-05
BLESSUSDT,1360.000000000,Short,0.025711,0.025671,0.02644818,0.01398679,0.01396503,0E-8,"{""USDT"":0.01398679}","{""USDT"":0.01396503}",20:55 2026-08-05,1M 11S,20:56 2026-08-05
BLESSUSDT,1300.000000000,Short,0.02676,0.0265,0.31030480,0.01391520,0.01378000,0E-8,"{""USDT"":0.0139152}","{""USDT"":0.01378}",19:08 2026-08-05,0M 53S,19:09 2026-08-05
BLESSUSDT,1610.000000000,Short,0.021633,0.023695,-3.34901124,0.01393166,0.01525958,0E-8,"{""USDT"":0.01393166}","{""USDT"":0.01525958}",17:57 2026-08-05,7M 53S,18:05 2026-08-05
BLESSUSDT,1740.000000000,Short,0.020105,0.019628,0.80232583,0.01399308,0.01366109,0E-8,"{""USDT"":0.01399308}","{""USDT"":0.01366109}",16:42 2026-08-05,0M 0S,16:42 2026-08-05
BLESSUSDT,1960.000000000,Short,0.017844,0.018574,-1.45935172,0.01398970,0.01456202,0E-8,"{""USDT"":0.0139897}","{""USDT"":0.01456202}",16:21 2026-08-05,11M 2S,16:32 2026-08-05
BLESSUSDT,1920.000000000,Short,0.018139,0.017856,0.51571583,0.01393076,0.01371341,0E-8,"{""USDT"":0.01393076}","{""USDT"":0.01371341}",15:21 2026-08-05,1M 27S,15:22 2026-08-05
LITUSDT,5879.900000000,Long,2.082,2.10729564,143.80930200,2.44839036,2.47813764,0E-8,"{""USDT"":2.44839036}","{""USDT"":2.47813764}",13:32 2026-08-05,16M 2S,13:48 2026-08-05
1000RATSUSDT,720.000000000,Short,0.04837,0.04785,0.36054432,0.00696528,0.00689040,0E-8,"{""USDT"":0.00696528}","{""USDT"":0.0068904}",12:59 2026-08-05,0M 41S,12:59 2026-08-05
BLESSUSDT,1660.000000000,Short,0.021014,0.020606,0.64964431,0.01395330,0.01368239,0E-8,"{""USDT"":0.0139533}","{""USDT"":0.01368239}",11:34 2026-08-05,0M 10S,11:35 2026-08-05
1000RATSUSDT,690.000000000,Short,0.05042,0.05006,0.23453376,0.00695796,0.00690828,0E-8,"{""USDT"":0.00695796}","{""USDT"":0.00690828}",10:34 2026-08-05,1M 5S,10:35 2026-08-05
BLESSUSDT,1800.000000000,Short,0.019401,0.019151,0.42224255,0.01396873,0.01378872,0E-8,"{""USDT"":0.01396873}","{""USDT"":0.01378872}",10:23 2026-08-05,1M 6S,10:24 2026-08-05
BLESSUSDT,1960.000000000,Short,0.017797,0.017958,-0.34359193,0.01395285,0.01407908,0E-8,"{""USDT"":0.01395285}","{""USDT"":0.01407908}",08:38 2026-08-05,10M 42S,08:48 2026-08-05
NEARUSDT,14434.500000000,Long,1.696,1.6989,32.05931319,4.89618240,4.90455441,0E-8,"{""USDT"":4.89618240}","{""USDT"":4.90455441}",03:26 2026-08-05,1H 4M,04:30 2026-08-05
AKEUSDT,8000.000000000,Short,0.0043444,0.0043242,0.13386047,0.01390209,0.01383744,0E-8,"{""USDT"":0.01390209}","{""USDT"":0.01383744}",21:47 2026-08-04,0M 53S,21:48 2026-08-04
LITUSDT,5804.300000000,Long,2.0689,2.09595335,150.99835432,2.40170326,3.62572242,0E-8,"{""USDT"":2.40170326}","{""USDT"":3.62572242}",20:25 2026-08-04,15M 53S,20:41 2026-08-04
BLESSUSDT,3190.000000000,Short,0.010755,0.010674,0.23104659,0.01372338,0.01362003,0E-8,"{""USDT"":0.01372338}","{""USDT"":0.01362003}",20:02 2026-08-04,0M 46S,20:03 2026-08-04
1000RATSUSDT,700.000000000,Short,0.04888,0.04826,0.42040040,0.00684320,0.00675640,0E-8,"{""USDT"":0.0068432}","{""USDT"":0.0067564}",16:25 2026-08-04,0M 17S,16:26 2026-08-04
AKEUSDT,7500.000000000,Short,0.0045298,0.0045003,0.19415969,0.01358940,0.01350091,0E-8,"{""USDT"":0.0135894}","{""USDT"":0.01350091}",11:43 2026-08-04,0M 46S,11:43 2026-08-04
AKEUSDT,7500.000000000,Short,0.0045655,0.0044687,0.69889739,0.01369650,0.01340611,0E-8,"{""USDT"":0.0136965}","{""USDT"":0.01340611}",10:11 2026-08-04,0M 31S,10:12 2026-08-04
1000RATSUSDT,610.000000000,Short,0.05487,0.05453,0.19405320,0.00669414,0.00665266,0E-8,"{""USDT"":0.00669414}","{""USDT"":0.00665266}",08:08 2026-08-04,1M 33S,08:10 2026-08-04
BLESSUSDT,3040.000000000,Short,0.011065,0.01101,0.14035680,0.01345504,0.01338816,0E-8,"{""USDT"":0.01345504}","{""USDT"":0.01338816}",08:05 2026-08-04,1M 2S,08:06 2026-08-04
1000RATSUSDT,640.000000000,Short,0.05249,0.052,0.30022528,0.00671872,0.00665600,0E-8,"{""USDT"":0.00671872}","{""USDT"":0.006656}",07:56 2026-08-04,0M 52S,07:57 2026-08-04
ENAUSDT,71445.000000000,Long,0.09088,0.09169,55.26170725,1.29858433,1.31015842,0E-8,"{""USDT"":1.29858433}","{""USDT"":1.31015842}",07:21 2026-08-04,3M 16S,07:24 2026-08-04
BLESSUSDT,3100.000000000,Short,0.010852,0.010678,0.51270278,0.01345650,0.01324072,0E-8,"{""USDT"":0.01345650}","{""USDT"":0.01324072}",06:25 2026-08-04,0M 50S,06:25 2026-08-04
AKEUSDT,7500.000000000,Short,0.004452,0.0043996,0.36644520,0.01335600,0.01319880,0E-8,"{""USDT"":0.013356}","{""USDT"":0.0131988}",02:47 2026-08-04,0M 20S,02:47 2026-08-04
BLESSUSDT,2520.000000000,Short,0.01335,0.013468,-0.32439255,0.01345680,0.01357575,0E-8,"{""USDT"":0.0134568}","{""USDT"":0.01357575}",00:15 2026-08-04,9M 20S,00:25 2026-08-04
1000RATSUSDT,550.000000000,Short,0.06052,0.05986,0.34975820,0.00665720,0.00658460,0E-8,"{""USDT"":0.0066572}","{""USDT"":0.0065846}",00:00 2026-08-04,0M 42S,00:01 2026-08-04
AKEUSDT,7300.000000000,Short,0.0045902,0.0045736,0.09442169,0.01340339,0.01335492,0E-8,"{""USDT"":0.01340339}","{""USDT"":0.01335492}",19:11 2026-08-03,0M 0S,19:11 2026-08-03
1000RATSUSDT,490.000000000,Short,0.06781,0.06791,-0.06230056,0.00664538,0.00665518,0E-8,"{""USDT"":0.00664538}","{""USDT"":0.00665518}",17:44 2026-08-03,0M 5S,17:44 2026-08-03
1000RATSUSDT,500.000000000,Short,0.06746,0.06681,0.31157300,0.00674600,0.00668100,0E-8,"{""USDT"":0.006746}","{""USDT"":0.006681}",17:44 2026-08-03,0M 0S,17:44 2026-08-03
1000RATSUSDT,500.000000000,Short,0.06667,0.06668,-0.01833500,0.00666700,0.00666800,0E-8,"{""USDT"":0.00666700}","{""USDT"":0.006668}",17:44 2026-08-03,0M 0S,17:44 2026-08-03
1000RATSUSDT,500.000000000,Short,0.06667,0.0666708,-0.02540148,0.00666700,0.01833448,0E-8,"{""USDT"":0.00666700}","{""USDT"":0.01833448}",17:44 2026-08-03,0M 0S,17:44 2026-08-03
1000RATSUSDT,500.000000000,Short,0.06667,0.06668,-0.03000400,0.00666700,0.01833700,0E-8,"{""USDT"":0.00666700}","{""USDT"":0.01833700}",17:44 2026-08-03,0M 0S,17:44 2026-08-03
1000RATSUSDT,500.000000000,Short,0.06667,0.06645,0.09668800,0.00666700,0.00664500,0E-8,"{""USDT"":0.006667}","{""USDT"":0.006645}",17:44 2026-08-03,0M 0S,17:44 2026-08-03
TAOUSDT,143.793000000,Long,188.3,188.69052742,42.46628941,5.41524438,6.91617029,1.35740592,"{""USDT"":5.41524438}","{""USDT"":6.91617029}",07:02 2026-08-03,2H 54M,09:56 2026-08-03
WLDUSDT,65588.100000000,Long,0.3089,0.30915861,2.60317240,4.05203286,10.30664474,0E-8,"{""USDT"":4.05203286}","{""USDT"":10.30664474}",06:55 2026-08-03,28M 44S,07:23 2026-08-03
BANKUSDT,730.000000000,Short,0.04615,0.0461,-0.01399410,0.01347580,0.03701830,0E-8,"{""USDT"":0.0134758}","{""USDT"":0.0370183}",06:39 2026-08-03,0M 0S,06:39 2026-08-03
LITUSDT,338.900000000,Long,1.96726607,2.0014,11.38512382,0.12000717,0.12208942,-0.05923041,"{""USDT"":0.12000717}","{""USDT"":0.12208942}",03:46 2026-08-03,35M 58S,04:22 2026-08-03
AKEUSDT,6800.000000000,Short,0.0047457,0.0050146,-1.86644879,0.01064936,0.02727943,0E-8,"{""USDT"":0.01064936}","{""USDT"":0.02727943}",15:41 2026-08-02,0M 5S,15:41 2026-08-02
AKEUSDT,7200.000000000,Short,0.0045017,0.0044589,0.28686961,0.01069604,0.01059435,0E-8,"{""USDT"":0.01069604}","{""USDT"":0.01059435}",11:12 2026-08-02,0M 0S,11:12 2026-08-02
HYPEUSDT,632.640000000,Long,51.327,51.549,128.73105485,5.84487243,5.87015272,0E-8,"{""USDT"":5.84487243}","{""USDT"":5.87015272}",10:22 2026-08-02,15M 11S,10:38 2026-08-02
LITUSDT,5697.100000000,Long,2.0136,2.03252058,103.15044872,2.06490254,2.57708874,0E-8,"{""USDT"":2.06490254}","{""USDT"":2.57708874}",18:49 2026-08-01,24M 17S,19:13 2026-08-01
ENAUSDT,164862.000000000,Long,0.07878,0.07918,61.25731165,2.33780911,2.34967924,0E-8,"{""USDT"":2.33780911}","{""USDT"":2.34967924}",18:45 2026-08-01,3M 11S,18:48 2026-08-01
TAOUSDT,118.166000000,Long,192.35,193.73,154.85720471,4.09126143,4.12061386,0E-8,"{""USDT"":4.09126143}","{""USDT"":4.12061386}",13:26 2026-08-01,39M 33S,14:05 2026-08-01
LITUSDT,5561.100000000,Long,2.0438,2.0691872,136.54170710,2.04583975,2.59320315,0E-8,"{""USDT"":2.04583975}","{""USDT"":2.59320315}",04:16 2026-08-01,23M 9S,04:39 2026-08-01
LITUSDT,12779.400000000,Long,2.07441671,2.078,35.67686275,4.77176445,4.78000686,0.56368594,"{""USDT"":4.77176445}","{""USDT"":4.78000686}",19:38 2026-07-31,1H 7M,20:45 2026-07-31
AKEUSDT,7600.000000000,Short,0.0042345,0.00427828,-0.35671405,0.01062013,0.01334392,0E-8,"{""USDT"":0.01062013}","{""USDT"":0.01334392}",18:01 2026-07-31,0M 5S,18:01 2026-07-31
AKEUSDT,7900.000000000,Short,0.0040582,0.0040703,-0.11678101,0.01057973,0.01061128,0E-8,"{""USDT"":0.01057973}","{""USDT"":0.01061128}",16:04 2026-07-31,0M 5S,16:04 2026-07-31
LITUSDT,5258.000000000,Long,2.1613,2.16829366,32.56732564,2.04554091,2.15979345,0E-8,"{""USDT"":2.04554091}","{""USDT"":2.15979345}",12:16 2026-07-31,38M 17S,12:55 2026-07-31
LITUSDT,5230.500000000,Long,2.1728,2.18532966,61.39904155,2.04566950,2.09169895,0E-8,"{""USDT"":2.04566950}","{""USDT"":2.09169895}",09:22 2026-07-31,56M 18S,10:18 2026-07-31
LITUSDT,5199.600000000,Long,2.1858,2.1884,8.85304162,2.04575143,2.04818495,0.57198200,"{""USDT"":2.04575143}","{""USDT"":2.04818495}",07:21 2026-07-31,1H 9M,08:31 2026-07-31
LITUSDT,5094.200000000,Long,2.2309,2.24405182,62.49121470,2.04563721,2.46114809,0E-8,"{""USDT"":2.04563721}","{""USDT"":2.46114809}",02:37 2026-07-31,26M 18S,03:03 2026-07-31
WLDUSDT,64647.500000000,Long,0.3014,0.3048,212.74742334,3.50725620,3.54682046,0E-8,"{""USDT"":3.50725620}","{""USDT"":3.54682046}",00:09 2026-07-31,8M 0S,00:17 2026-07-31
HYPEUSDT,552.550000000,Long,52.871,53.197,169.58188273,5.25849679,5.29092048,0E-8,"{""USDT"":5.25849679}","{""USDT"":5.29092048}",11:35 2026-07-30,4M 17S,11:40 2026-07-30
LITUSDT,5310.200000000,Long,2.1399,2.16025532,103.59965647,2.04539349,2.44577004,0E-8,"{""USDT"":2.04539349}","{""USDT"":2.44577004}",21:49 2026-07-29,23M 4S,22:12 2026-07-29
LITUSDT,5241.400000000,Long,2.1612,2.17900561,89.12970258,2.03898847,2.15760895,0E-8,"{""USDT"":2.03898847}","{""USDT"":2.15760895}",20:54 2026-07-29,34M 35S,21:29 2026-07-29
TAOUSDT,120.302000000,Long,188.91,188.82533615,-19.98843454,4.09072516,4.58007665,1.13240273,"{""USDT"":4.09072516}","{""USDT"":4.58007665}",19:47 2026-07-29,56M 21S,20:44 2026-07-29
LITUSDT,5152.700000000,Long,2.2047,2.211,27.79850199,2.04482847,2.05067165,0.56800789,"{""USDT"":2.04482847}","{""USDT"":2.05067165}",15:40 2026-07-29,44M 55S,16:25 2026-07-29
LITUSDT,11743.100000000,Long,2.25739898,2.20035191,-682.18358032,4.77159531,4.88909369,2.61339132,"{""USDT"":4.77159531}","{""USDT"":4.88909369}",07:39 2026-07-29,4H 21M,12:01 2026-07-29
TAOUSDT,238.824000000,Long,192.10829548,192.13018139,-12.53348806,8.25841290,8.52404935,0.97790581,"{""USDT"":8.25841290}","{""USDT"":8.52404935}",03:30 2026-07-29,1H 8M,04:38 2026-07-29
LITUSDT,6639.000000000,Long,2.24579184,2.2461,-3.32201062,2.68376619,2.68413443,0E-8,"{""USDT"":2.68376619}","{""USDT"":2.68413443}",01:49 2026-07-29,1H 28M,03:17 2026-07-29
WLDUSDT,149859.400000000,Long,0.30791099,0.30785593,-34.43075368,8.30580432,17.87307936,0E-8,"{""USDT"":8.30580432}","{""USDT"":17.87307936}",00:49 2026-07-29,1H 36M,02:26 2026-07-29
TAOUSDT,101.526000000,Long,191.95,192.97390028,96.24024886,3.50782483,4.20442631,0E-8,"{""USDT"":3.50782483}","{""USDT"":4.20442631}",22:58 2026-07-28,34M 19S,23:33 2026-07-28
TAOUSDT,104.249000000,Long,185.58,187.18,159.80362565,3.48237534,3.51239901,0E-8,"{""USDT"":3.48237534}","{""USDT"":3.51239901}",13:39 2026-07-28,27M 13S,14:06 2026-07-28
LITUSDT,5333.700000000,Long,2.1307,2.1647,177.22193244,2.04561267,2.07825489,0E-8,"{""USDT"":2.04561267}","{""USDT"":2.07825489}",13:37 2026-07-28,11M 7S,13:49 2026-07-28
HYPEUSDT,533.160000000,Long,54.817,54.96969017,70.44320597,5.26072173,5.70436230,0E-8,"{""USDT"":5.26072173}","{""USDT"":5.70436230}",06:04 2026-07-28,13M 1S,06:17 2026-07-28
TAOUSDT,104.838000000,Long,185.12,186.1,95.73600676,3.49336991,3.51186333,0E-8,"{""USDT"":3.49336991}","{""USDT"":3.51186333}",01:07 2026-07-28,25M 53S,01:33 2026-07-28
TAOUSDT,242.011000000,Long,187.86276198,187.83103123,-26.65722137,8.18367392,8.52610935,2.26824810,"{""USDT"":8.18367392}","{""USDT"":8.52610935}",22:50 2026-07-27,1H 28M,00:18 2026-07-28
LITUSDT,9708.500000000,Long,2.1455034,2.1643,174.38782279,3.74933157,3.78217921,0.56749643,"{""USDT"":3.74933157}","{""USDT"":3.78217921}",15:44 2026-07-27,40M 49S,16:25 2026-07-27
TAOUSDT,102.646000000,Long,195.19,194.33,-96.17831641,3.60638511,3.59049557,0.70587573,"{""USDT"":3.60638511}","{""USDT"":3.59049557}",14:30 2026-07-27,1H 54M,16:25 2026-07-27
ENAUSDT,146383.000000000,Long,0.09094,0.09129,46.43248265,2.39617261,2.40539474,0E-8,"{""USDT"":2.39617261}","{""USDT"":2.40539474}",14:21 2026-07-27,3M 34S,14:24 2026-07-27
WLDUSDT,58066.800000000,Long,0.3408,0.34051833,-27.01043474,3.56204986,7.09263488,0E-8,"{""USDT"":3.56204986}","{""USDT"":7.09263488}",14:20 2026-07-27,29M 25S,14:50 2026-07-27
MONUSDT,1476078.000000000,Long,0.02053568,0.02057129,41.60515053,5.45620731,5.49789716,0E-8,"{""USDT"":5.45620731}","{""USDT"":5.49789716}",12:12 2026-07-27,49M 54S,13:02 2026-07-27
MONUSDT,623756.000000000,Long,0.020827,0.02088393,30.43928661,2.33837394,2.73085045,0E-8,"{""USDT"":2.33837394}","{""USDT"":2.73085045}",07:42 2026-07-27,5M 55S,07:47 2026-07-27
WLDUSDT,59074.500000000,Long,0.3298,0.3325371,150.45128518,3.50689862,7.73474620,0E-8,"{""USDT"":3.50689862}","{""USDT"":7.73474620}",13:13 2026-07-26,4M 30S,13:17 2026-07-26
WLDUSDT,54779.100000000,Long,0.3284,0.3335,272.84691844,3.23810218,3.28838938,0E-8,"{""USDT"":3.23810218}","{""USDT"":3.28838938}",04:02 2026-07-26,2M 32S,04:04 2026-07-26
XLMUSDT,102146.000000000,Long,0.1763,0.17708047,72.12358610,3.24150122,4.35680268,0E-8,"{""USDT"":3.24150122}","{""USDT"":4.35680268}",02:08 2026-07-26,6M 54S,02:14 2026-07-26
WLDUSDT,53490.500000000,Long,0.3362,0.33710991,39.93683572,3.23703110,5.49754318,0E-8,"{""USDT"":3.2370311}","{""USDT"":5.49754318}",02:05 2026-07-26,5M 43S,02:10 2026-07-26
ENAUSDT,140268.000000000,Long,0.08548,0.08619,95.25591459,2.15821960,2.17614581,0E-8,"{""USDT"":2.15821960}","{""USDT"":2.17614581}",09:34 2026-07-25,2H 14M,11:49 2026-07-25
LITUSDT,12278.500000000,Long,1.99357556,2.0007,78.64953161,4.40606126,4.42180713,0E-8,"{""USDT"":4.40606126}","{""USDT"":4.42180713}",01:30 2026-07-25,1H 10M,02:40 2026-07-25
WLDUSDT,121588.600000000,Long,0.34510751,0.3438,-174.05517402,7.55300504,7.52438898,0E-8,"{""USDT"":7.55300504}","{""USDT"":7.52438898}",21:56 2026-07-24,7M 15S,22:03 2026-07-24
NEARUSDT,971.500000000,Long,1.7949,1.8059,10.05682807,0.31387418,0.31579775,0E-8,"{""USDT"":0.31387418}","{""USDT"":0.31579775}",14:44 2026-07-24,5M 54S,14:50 2026-07-24
XLMUSDT,237830.000000000,Long,0.17643529,0.1771,142.95314612,7.55308895,7.58154493,0E-8,"{""USDT"":7.55308895}","{""USDT"":7.58154493}",14:25 2026-07-24,24M 49S,14:50 2026-07-24
TAOUSDT,95.335000000,Long,187.72,189.27,141.29998848,3.22133153,3.24792999,0E-8,"{""USDT"":3.22133153}","{""USDT"":3.24792999}",13:07 2026-07-24,35M 21S,13:42 2026-07-24
NEARUSDT,9771.200000000,Long,1.8408,1.83866853,-27.35511639,3.23762850,3.29046789,0E-8,"{""USDT"":3.2376285}","{""USDT"":3.29046789}",13:05 2026-07-24,13M 12S,13:18 2026-07-24
TAOUSDT,94.235000000,Long,190.94,192.17,109.41062311,3.23878166,3.25964523,0E-8,"{""USDT"":3.23878166}","{""USDT"":3.25964523}",00:07 2026-07-24,49M 56S,00:57 2026-07-24
MONUSDT,545157.000000000,Long,0.021998,0.021929,-41.92631321,2.15862555,2.15185466,0E-8,"{""USDT"":2.15862555}","{""USDT"":2.15185466}",00:03 2026-07-24,32M 14S,00:35 2026-07-24
LITUSDT,3567.100000000,Long,2.1544,2.17267322,62.21300283,1.38329295,1.58609422,0E-8,"{""USDT"":1.38329295}","{""USDT"":1.58609422}",21:54 2026-07-23,28M 3S,22:22 2026-07-23
HYPEUSDT,464.260000000,Long,58.114,58.177,19.53031322,4.85640105,4.86166573,0E-8,"{""USDT"":4.85640105}","{""USDT"":4.86166573}",18:40 2026-07-23,3M 3S,18:43 2026-07-23
LITUSDT,11216.400000000,Long,2.18230048,2.1907,85.38351174,4.40596008,4.42291818,0E-8,"{""USDT"":4.40596008}","{""USDT"":4.42291818}",17:14 2026-07-23,1H 5M,18:20 2026-07-23
LITUSDT,2679.800000000,Long,2.205,2.2333,73.69746379,1.06361262,1.07726359,0E-8,"{""USDT"":1.06361262}","{""USDT"":1.07726359}",13:14 2026-07-23,20M 44S,13:34 2026-07-23
LITUSDT,4660.100000000,Long,2.2769,2.2871507,43.71560538,1.90990481,2.14378981,0E-8,"{""USDT"":1.90990481}","{""USDT"":2.14378981}",03:06 2026-07-23,41M 10S,03:47 2026-07-23
XLMUSDT,96899.000000000,Long,0.18569,0.18644348,66.43555939,3.23877157,3.33679904,0E-8,"{""USDT"":3.23877157}","{""USDT"":3.33679904}",23:14 2026-07-22,12M 27S,23:27 2026-07-22
VVVUSDT,987.610000000,Long,12.144,12.141,-10.87758593,3.95786683,3.95688910,0E-8,"{""USDT"":3.95786683}","{""USDT"":3.9568891}",19:11 2026-07-22,5M 23S,19:16 2026-07-22
MONUSDT,1512892.000000000,Long,0.02312473,0.023095,-57.56168730,6.29733892,6.28924338,0E-8,"{""USDT"":6.29733892}","{""USDT"":6.28924338}",16:48 2026-07-22,14M 30S,17:03 2026-07-22
HYPEUSDT,1074.190000000,Long,57.51866795,57.95188885,443.03484279,11.12147608,11.20524113,0E-8,"{""USDT"":11.12147608}","{""USDT"":11.20524113}",16:02 2026-07-22,35M 0S,16:37 2026-07-22
BANKUSDT,30.000000000,Short,0.1811,0.17,0.38907346,0.00434640,0.00168300,-0.06210286,"{""USDT"":0.0043464}","{""USDT"":0.001683}",13:33 2026-07-22,6D 12H,02:04 2026-07-29
MONUSDT,634643.000000000,Long,0.023622,0.02360798,-15.00907341,2.69847668,3.40981773,0E-8,"{""USDT"":2.69847668}","{""USDT"":3.40981773}",12:27 2026-07-22,1H 11M,13:38 2026-07-22
HYPEUSDT,1460.600000000,Long,59.06785892,58.86081584,-337.45361390,15.52941274,19.51708116,0E-8,"{""USDT"":15.52941274}","{""USDT"":19.51708116}",05:12 2026-07-22,1H 46M,06:59 2026-07-22
HYPEUSDT,1618.280000000,Long,60.52934543,60.50768981,-74.39031300,17.63161733,21.71382567,0E-8,"{""USDT"":17.63161733}","{""USDT"":21.71382567}",17:26 2026-07-21,2H 9M,19:35 2026-07-21
VVVUSDT,952.570000000,Long,12.589,12.631,32.08008083,3.95732831,3.97053086,0E-8,"{""USDT"":3.95732831}","{""USDT"":3.97053086}",08:10 2026-07-21,3M 36S,08:14 2026-07-21
LITUSDT,4208.200000000,Long,2.1371,2.1444,27.47672644,1.61880202,1.62433154,0E-8,"{""USDT"":1.61880202}","{""USDT"":1.62433154}",07:02 2026-07-20,5M 8S,07:07 2026-07-20
HYPEUSDT,445.820000000,Long,60.518,60.941,178.83506665,4.85642428,4.89036907,0E-8,"{""USDT"":4.85642428}","{""USDT"":4.89036907}",00:49 2026-07-20,20M 14S,01:09 2026-07-20
XLMUSDT,3627.000000000,Long,0.18965,0.19068,3.48750773,0.12381490,0.12448737,0E-8,"{""USDT"":0.1238149}","{""USDT"":0.12448737}",12:45 2026-07-19,12M 33S,12:58 2026-07-19
HYPEUSDT,721.030000000,Long,58.21884787,58.73565419,357.42388854,7.55595651,7.65301495,0E-8,"{""USDT"":7.55595651}","{""USDT"":7.65301495}",13:19 2026-07-18,11M 23S,13:31 2026-07-18
VVVUSDT,1217.840000000,Long,9.845,9.861,11.56585081,3.95657949,3.96300970,0E-8,"{""USDT"":3.95657949}","{""USDT"":3.96300970}",13:42 2026-07-17,4M 19S,13:46 2026-07-17
VVVUSDT,2769.770000000,Long,10.32154639,10.099,-635.06718159,9.43414220,9.23072939,0E-8,"{""USDT"":9.43414220}","{""USDT"":9.23072939}",06:50 2026-07-17,39M 26S,07:29 2026-07-17
HYPEUSDT,254.540000000,Long,58.888,59.428,132.03069214,2.69808328,2.72282458,0E-8,"{""USDT"":2.69808328}","{""USDT"":2.72282458}",05:26 2026-07-17,16M 42S,05:43 2026-07-17
LITUSDT,3642.200000000,Long,2.1744,2.1778,9.53019500,1.42552795,1.42775705,0E-8,"{""USDT"":1.42552795}","{""USDT"":1.42775705}",01:41 2026-07-17,6M 27S,01:47 2026-07-17
HYPEUSDT,1433.540000000,Long,60.2386236,60.14059301,-171.59308607,15.54380582,15.51851025,0E-8,"{""USDT"":15.54380582}","{""USDT"":15.51851025}",01:41 2026-07-17,44M 26S,02:25 2026-07-17
XLMUSDT,211713.000000000,Long,0.18695216,0.18469,-497.00920988,7.12443662,7.03822933,3.91711393,"{""USDT"":7.12443662}","{""USDT"":7.03822933}",22:40 2026-07-16,2H 24M,01:05 2026-07-17
HYPEUSDT,1354.250000000,Long,61.0728377,61.18919073,129.36006327,14.88742035,14.91578311,-1.59217673,"{""USDT"":14.88742035}","{""USDT"":14.91578311}",22:40 2026-07-16,1H 27M,00:07 2026-07-17
MONUSDT,606291.000000000,Long,0.021489,0.021578,49.25989474,2.34514572,2.35485854,0E-8,"{""USDT"":2.34514572}","{""USDT"":2.35485854}",17:50 2026-07-16,19M 26S,18:10 2026-07-16
HYPEUSDT,1510.160000000,Long,63.20998343,62.67348533,-844.57492208,17.18229399,17.19464809,0E-8,"{""USDT"":17.18229399}","{""USDT"":17.19464809}",16:07 2026-07-16,1H 52M,17:59 2026-07-16
HYPEUSDT,439.520000000,Long,65.163,65.38176399,84.96517122,5.15527952,6.03069926,0E-8,"{""USDT"":5.15527952}","{""USDT"":6.03069926}",12:37 2026-07-16,8M 42S,12:46 2026-07-16
HYPEUSDT,554.700000000,Long,67.04706838,67.052,-11.05256457,6.69438161,7.09375296,0E-8,"{""USDT"":6.69438161}","{""USDT"":7.09375296}",18:54 2026-07-15,1H 23M,20:17 2026-07-15
MONUSDT,705436.000000000,Long,0.02226,0.022402,94.50079899,2.82654098,2.84457203,0E-8,"{""USDT"":2.82654098}","{""USDT"":2.84457203}",18:22 2026-07-15,24M 37S,18:47 2026-07-15
LITUSDT,3810.500000000,Long,2.4389,2.4623,85.80401591,1.67281714,1.68886695,0E-8,"{""USDT"":1.67281714}","{""USDT"":1.68886695}",17:33 2026-07-15,3M 46S,17:37 2026-07-15
VVVUSDT,1162.870000000,Long,10.656,10.657,-7.01593196,4.08920911,4.08959285,0E-8,"{""USDT"":4.08920911}","{""USDT"":4.08959285}",02:40 2026-07-15,13M 46S,02:53 2026-07-15
XLMUSDT,100927.000000000,Long,0.17822,0.18062,236.68055744,3.23769787,3.28129834,-0.97475365,"{""USDT"":3.23769787}","{""USDT"":3.28129834}",21:38 2026-07-13,2H 32M,00:10 2026-07-14
XLMUSDT,99206.000000000,Long,0.18142,0.18284477,134.71650579,3.23963146,3.38966275,0E-8,"{""USDT"":3.23963146}","{""USDT"":3.38966275}",14:16 2026-07-13,3M 10S,14:19 2026-07-13
HYPEUSDT,236.480000000,Long,63.385,64.02,144.74162777,2.69807127,2.72510096,0E-8,"{""USDT"":2.69807127}","{""USDT"":2.72510096}",13:41 2026-07-13,18M 42S,14:00 2026-07-13
HYPEUSDT,1497.880000000,Long,65.7258649,65.59877943,-220.47915432,17.72090260,17.97338417,-5.57391245,"{""USDT"":17.72090260}","{""USDT"":17.97338417}",04:37 2026-07-13,4H 9M,08:47 2026-07-13
MONUSDT,177247.000000000,Long,0.021953,0.02214,31.73842562,0.70039862,0.70636476,0E-8,"{""USDT"":0.70039862}","{""USDT"":0.70636476}",03:59 2026-07-13,1M 52S,04:01 2026-07-13
LITUSDT,3490.400000000,Long,2.5774,2.5775,-2.88963936,1.61930827,1.61937109,0E-8,"{""USDT"":1.61930827}","{""USDT"":1.61937109}",02:06 2026-07-13,7M 9S,02:13 2026-07-13
MONUSDT,853738.000000000,Long,0.023408,0.02336044,-47.78784786,3.59717397,3.58986589,0E-8,"{""USDT"":3.59717397}","{""USDT"":3.58986589}",03:13 2026-07-11,10M 41S,03:23 2026-07-11
MONUSDT,514617.000000000,Long,0.023784,0.023559,-120.17425732,2.20313714,2.18229518,0E-8,"{""USDT"":2.20313714}","{""USDT"":2.18229518}",02:09 2026-07-11,17M 52S,02:27 2026-07-11
MONUSDT,665963.000000000,Long,0.02251,0.022733,143.08631943,2.69834890,2.72508067,0E-8,"{""USDT"":2.69834890}","{""USDT"":2.72508067}",14:33 2026-07-10,43M 41S,15:16 2026-07-10
MONUSDT,647922.000000000,Long,0.023131,0.023172,19.66686870,2.69767512,2.70245689,1.49780129,"{""USDT"":2.69767512}","{""USDT"":2.70245689}",15:37 2026-07-09,28M 46S,16:06 2026-07-09
LITUSDT,3664.200000000,Long,2.4542,2.4757,75.52875484,1.61868234,1.63286282,0E-8,"{""USDT"":1.61868234}","{""USDT"":1.63286282}",11:55 2026-07-09,2M 34S,11:58 2026-07-09
HYPEUSDT,226.380000000,Long,66.218,66.776,120.90074727,2.69827756,2.72101517,0E-8,"{""USDT"":2.69827756}","{""USDT"":2.72101517}",21:19 2026-07-08,28M 34S,21:47 2026-07-08
MONUSDT,1521879.000000000,Long,0.02297445,0.022941,-63.49042781,6.29358104,6.28441677,0E-8,"{""USDT"":6.29358104}","{""USDT"":6.28441677}",17:52 2026-07-08,13M 37S,18:06 2026-07-08
MONUSDT,607582.000000000,Long,0.023406,0.02338594,-17.34457358,2.55979160,2.59512198,0E-8,"{""USDT"":2.55979160}","{""USDT"":2.59512198}",08:36 2026-07-08,7M 45S,08:43 2026-07-08
MONUSDT,607861.000000000,Long,0.023648,0.02368847,18.94835487,2.58744546,3.06539767,0E-8,"{""USDT"":2.58744546}","{""USDT"":3.06539767}",08:25 2026-07-08,7M 49S,08:33 2026-07-08
ENAUSDT,204434.000000000,Long,0.07311,0.07315429,0.57486138,2.69031060,5.78903802,0E-8,"{""USDT"":2.69031060}","{""USDT"":5.78903802}",08:17 2026-07-08,29M 20S,08:47 2026-07-08
LITUSDT,3992.700000000,Long,2.4061,2.4063,-2.66006463,1.72923039,1.72937424,0E-8,"{""USDT"":1.72923039}","{""USDT"":1.72937424}",06:12 2026-07-08,5M 31S,06:17 2026-07-08
HYPEUSDT,544.830000000,Long,68.14820505,68.15,-12.38874320,6.68325359,6.68342961,0E-8,"{""USDT"":6.68325359}","{""USDT"":6.68342961}",01:36 2026-07-08,1H 11M,02:48 2026-07-08
ENAUSDT,209335.000000000,Long,0.07544,0.07545061,-3.81358316,2.84260184,3.19267132,0E-8,"{""USDT"":2.84260184}","{""USDT"":3.19267132}",01:36 2026-07-08,3M 33S,01:40 2026-07-08
VVVUSDT,15.510000000,Long,10.542,10.58809542,0.56908320,0.05395712,0.09189968,0E-8,"{""USDT"":0.05395712}","{""USDT"":0.09189968}",21:27 2026-07-07,10M 15S,21:37 2026-07-07
HYPEUSDT,1748.340000000,Long,70.38098729,70.36327902,-75.88413135,22.14898119,22.77508016,0E-8,"{""USDT"":22.14898119}","{""USDT"":22.77508016}",18:49 2026-07-07,2H 15M,21:05 2026-07-07
NEARUSDT,25832.600000000,Long,2.03085466,1.8845,-3801.66134770,9.44320617,8.76267641,2.73405512,"{""USDT"":9.44320617}","{""USDT"":8.76267641}",18:49 2026-07-07,16H 54M,11:43 2026-07-08
XLMUSDT,117736.000000000,Long,0.18965,0.19101,152.05383055,4.01915384,4.04797561,0E-8,"{""USDT"":4.01915384}","{""USDT"":4.04797561}",14:35 2026-07-07,11M 47S,14:47 2026-07-07
VVVUSDT,1075.940000000,Long,10.446,10.45,-3.11557800,3.70895885,3.71037915,0E-8,"{""USDT"":3.70895885}","{""USDT"":3.71037915}",14:35 2026-07-07,9M 32S,14:45 2026-07-07
ENAUSDT,77500.000000000,Long,0.07503,0.07591,66.09438698,1.04666851,1.05894451,0E-8,"{""USDT"":1.04666851}","{""USDT"":1.05894451}",05:19 2026-07-07,14M 42S,05:34 2026-07-07
VVVUSDT,1361.760000000,Long,11.055,11.0524656,-13.40965708,4.96790479,4.99050229,0E-8,"{""USDT"":4.96790479}","{""USDT"":4.99050229}",04:51 2026-07-07,45M 27S,05:36 2026-07-07
MONUSDT,769927.000000000,Long,0.024454,0.024485,17.08543465,3.38900308,3.39329927,0E-8,"{""USDT"":3.38900308}","{""USDT"":3.39329927}",04:44 2026-07-07,13M 44S,04:57 2026-07-07
MONUSDT,754891.000000000,Long,0.024396,0.024604,150.35918926,3.31493787,3.34320087,0E-8,"{""USDT"":3.31493787}","{""USDT"":3.34320087}",02:39 2026-07-07,4M 42S,02:44 2026-07-07
LITUSDT,2895.100000000,Long,2.5544,2.5506702,-13.65291477,1.33114386,1.52362091,0E-8,"{""USDT"":1.33114386}","{""USDT"":1.52362091}",02:30 2026-07-07,10M 26S,02:41 2026-07-07
LITUSDT,6900.200000000,Long,2.53421027,2.53531523,1.19630663,3.14758040,3.28055297,0E-8,"{""USDT"":3.14758040}","{""USDT"":3.28055297}",20:12 2026-07-06,11M 52S,20:24 2026-07-06
MONUSDT,1848230.000000000,Long,0.02365313,0.02348,-335.65645135,7.86895506,7.81135929,0E-8,"{""USDT"":7.86895506}","{""USDT"":7.81135929}",16:24 2026-07-06,42M 47S,17:07 2026-07-06
LITUSDT,7098.900000000,Long,2.39569847,2.39748085,6.03991204,3.06122837,3.55181959,0E-8,"{""USDT"":3.06122837}","{""USDT"":3.55181959}",13:02 2026-07-06,20M 10S,13:22 2026-07-06
NEARUSDT,26560.200000000,Long,1.97452912,1.97363302,-48.81308467,9.43989997,15.57260470,0E-8,"{""USDT"":9.43989997}","{""USDT"":15.57260470}",12:44 2026-07-06,49M 57S,13:34 2026-07-06
HYPEUSDT,1768.680000000,Long,69.58343604,69.75477339,258.68090311,22.15274974,22.20729715,0E-8,"{""USDT"":22.15274974}","{""USDT"":22.20729715}",11:59 2026-07-06,35M 55S,12:35 2026-07-06
NEARUSDT,26448.100000000,Long,1.98332914,1.98004362,-106.16330865,9.44195177,9.82548688,0E-8,"{""USDT"":9.44195177}","{""USDT"":9.82548688}",11:58 2026-07-06,14M 1S,12:12 2026-07-06
LITUSDT,7045.500000000,Long,2.4996718,2.48284733,-124.95144946,3.17005886,3.24458060,0E-8,"{""USDT"":3.17005886}","{""USDT"":3.24458060}",09:20 2026-07-06,26M 15S,09:46 2026-07-06
HYPEUSDT,479.410000000,Long,69.86749669,70.096,97.46878795,6.02913181,6.04885024,0E-8,"{""USDT"":6.02913181}","{""USDT"":6.04885024}",08:18 2026-07-06,1H 44M,10:03 2026-07-06
LITUSDT,2924.000000000,Long,2.5626,2.5769,39.10817834,1.34874764,1.35627402,0E-8,"{""USDT"":1.34874764}","{""USDT"":1.35627402}",07:52 2026-07-06,4M 7S,07:56 2026-07-06
HYPEUSDT,249.640000000,Long,70.635,70.966,76.26797072,3.17399786,3.18887142,0E-8,"{""USDT"":3.17399786}","{""USDT"":3.18887142}",05:29 2026-07-06,1H 11M,06:41 2026-07-06
ENAUSDT,181217.000000000,Long,0.07726,0.07771152,75.26705666,2.52014860,4.03579474,0E-8,"{""USDT"":2.52014860}","{""USDT"":4.03579474}",05:28 2026-07-06,6M 29S,05:34 2026-07-06
VVVUSDT,230.180000000,Long,11.576,11.698,26.31408086,0.87930604,0.88857310,0E-8,"{""USDT"":0.87930604}","{""USDT"":0.88857310}",00:43 2026-07-06,2M 23S,00:45 2026-07-06
NEARUSDT,10871.300000000,Long,1.9303,1.9338,30.48814769,3.77727672,3.78412559,0E-8,"{""USDT"":3.77727672}","{""USDT"":3.78412559}",09:39 2026-07-05,18M 52S,09:58 2026-07-05
XLMUSDT,106007.000000000,Long,0.19938,0.19936,-8.35479212,3.80442162,3.80404000,-1.37380950,"{""USDT"":3.80442162}","{""USDT"":3.80404}",06:03 2026-07-05,2H 5M,08:09 2026-07-05
ENAUSDT,116215.000000000,Long,0.07658,0.07774,131.58122619,1.60195405,1.62621976,0E-8,"{""USDT"":1.60195405}","{""USDT"":1.62621976}",05:44 2026-07-05,1H 46M,07:30 2026-07-05
VVVUSDT,3049.790000000,Long,11.5716198,11.367,-647.13354127,11.64603346,11.44009781,0E-8,"{""USDT"":11.64603346}","{""USDT"":11.44009781}",01:18 2026-07-05,33M 47S,01:51 2026-07-05
VVVUSDT,1906.960000000,Long,11.7970187,12.002,375.91449354,7.42382625,7.55282021,0E-8,"{""USDT"":7.42382625}","{""USDT"":7.55282021}",00:09 2026-07-05,0M 54S,00:10 2026-07-05
NEARUSDT,9075.500000000,Long,1.9773,1.9994,194.07225262,3.23009753,3.26619985,0E-8,"{""USDT"":3.23009753}","{""USDT"":3.26619985}",23:16 2026-07-04,17M 28S,23:33 2026-07-04
LITUSDT,72.700000000,Long,2.1307,2.1591,2.00854366,0.02788235,0.02825399,0E-8,"{""USDT"":0.02788235}","{""USDT"":0.02825399}",18:39 2026-07-04,1M 48S,18:40 2026-07-04
VVVUSDT,903.310000000,Long,11.966,12.093,107.54856716,3.56697248,3.60483036,0E-8,"{""USDT"":3.56697248}","{""USDT"":3.60483036}",14:49 2026-07-04,3M 17S,14:52 2026-07-04
XLMUSDT,103628.000000000,Long,0.2025,0.20491,242.14404490,3.77724060,3.82219450,0E-8,"{""USDT"":3.77724060}","{""USDT"":3.82219450}",12:40 2026-07-04,39M 12S,13:19 2026-07-04
VVVUSDT,1149.810000000,Long,12.168,12.225,56.28355583,4.61699315,4.63862102,0E-8,"{""USDT"":4.61699315}","{""USDT"":4.63862102}",10:43 2026-07-04,6M 34S,10:50 2026-07-04
VVVUSDT,6.510000000,Long,12.279,12.41,0.79977061,0.02637898,0.02666041,0E-8,"{""USDT"":0.02637898}","{""USDT"":0.02666041}",10:24 2026-07-04,6M 40S,10:31 2026-07-04
VVVUSDT,1121.520000000,Long,12.473,12.472,-10.35370443,4.61627727,4.61590716,0E-8,"{""USDT"":4.61627727}","{""USDT"":4.61590716}",09:29 2026-07-04,14M 38S,09:44 2026-07-04
VVVUSDT,2743.350000000,Long,12.20344754,12.24199641,82.43433637,11.04784820,12.27086543,0E-8,"{""USDT"":11.04784820}","{""USDT"":12.27086543}",01:27 2026-07-04,42M 26S,02:10 2026-07-04
MONUSDT,861054.000000000,Long,0.020306,0.020521,181.29193371,3.14722132,3.18054410,-2.49308913,"{""USDT"":3.14722132}","{""USDT"":3.18054410}",23:00 2026-07-03,1H 6M,00:06 2026-07-04
VVVUSDT,1031.730000000,Long,13.559,13.55039349,-18.27150037,4.61644496,4.77546541,0E-8,"{""USDT"":4.61644496}","{""USDT"":4.77546541}",18:43 2026-07-03,6M 8S,18:49 2026-07-03
VVVUSDT,1014.550000000,Long,13.785,13.779,-15.31576877,4.61523882,4.61322995,0E-8,"{""USDT"":4.61523882}","{""USDT"":4.61322995}",14:10 2026-07-03,5M 58S,14:16 2026-07-03
NEARUSDT,10115.700000000,Long,2.0738,2.0866,121.90559550,3.77602896,3.79933554,0E-8,"{""USDT"":3.77602896}","{""USDT"":3.79933554}",14:00 2026-07-03,3M 35S,14:04 2026-07-03
LITUSDT,3447.800000000,Long,2.0285,2.0281,-4.24644153,1.25889524,1.25864698,0.34977931,"{""USDT"":1.25889524}","{""USDT"":1.25864698}",19:53 2026-07-02,14M 43S,20:08 2026-07-02
XLMUSDT,258828.000000000,Long,0.19344229,0.19379,71.95724934,9.01229047,9.02849019,0E-8,"{""USDT"":9.01229047}","{""USDT"":9.02849019}",00:18 2026-07-02,33M 38S,00:52 2026-07-02
ENAUSDT,198869.000000000,Long,0.07101,0.0715,92.34446213,2.54190384,2.55944403,0E-8,"{""USDT"":2.54190384}","{""USDT"":2.55944403}",23:02 2026-07-01,7M 4S,23:09 2026-07-01
NEARUSDT,11294.200000000,Long,1.8576,1.8643,68.10468104,3.77641907,3.79003989,0E-8,"{""USDT"":3.77641907}","{""USDT"":3.79003989}",22:18 2026-07-01,3M 10S,22:21 2026-07-01
VVVUSDT,1091.010000000,Long,13.105,13.20731599,102.15445979,4.71823647,4.75507374,0E-8,"{""USDT"":4.71823647}","{""USDT"":4.75507374}",20:17 2026-07-01,5M 7S,20:22 2026-07-01
VVVUSDT,1058.720000000,Long,13.211,13.367,155.87456211,4.61562751,4.67013038,0E-8,"{""USDT"":4.61562751}","{""USDT"":4.67013038}",20:10 2026-07-01,0M 53S,20:11 2026-07-01
XLMUSDT,245051.000000000,Long,0.19973788,0.19921194,-146.70622806,8.81027408,9.01476398,0E-8,"{""USDT"":8.81027408}","{""USDT"":9.01476398}",16:16 2026-07-01,43M 40S,17:00 2026-07-01
VVVUSDT,2315.550000000,Long,14.09824077,13.856,-582.28133602,10.77290995,10.58780607,0E-8,"{""USDT"":10.77290995}","{""USDT"":10.58780607}",15:08 2026-07-01,13M 20S,15:21 2026-07-01
VVVUSDT,457.800000000,Long,14.244,14.48510588,105.91875747,2.15189810,2.30761443,0E-8,"{""USDT"":2.15189810}","{""USDT"":2.30761443}",14:46 2026-07-01,2M 24S,14:48 2026-07-01
MONUSDT,932497.000000000,Long,0.01876,0.018904,127.95768587,3.14885593,3.17302620,0E-8,"{""USDT"":3.14885593}","{""USDT"":3.17302620}",13:30 2026-07-01,1M 57S,13:32 2026-07-01
NEARUSDT,11828.000000000,Long,1.7732,1.7876,162.74211435,3.77521373,3.80587192,0E-8,"{""USDT"":3.77521373}","{""USDT"":3.80587192}",13:30 2026-07-01,1M 53S,13:32 2026-07-01
HYPEUSDT,501.620000000,Long,62.723,62.79208189,23.31990226,5.66336015,5.66959759,0E-8,"{""USDT"":5.66336015}","{""USDT"":5.66959759}",10:44 2026-07-01,1H 25M,12:10 2026-07-01
XLMUSDT,106153.000000000,Long,0.19773,0.19811,32.77461135,3.77813390,3.78539475,0E-8,"{""USDT"":3.77813390}","{""USDT"":3.78539475}",06:41 2026-07-01,8M 21S,06:49 2026-07-01
VVVUSDT,1113.930000000,Long,12.55,12.564,6.36319143,4.61334110,4.61848747,0E-8,"{""USDT"":4.61334110}","{""USDT"":4.61848747}",06:34 2026-07-01,4M 49S,06:39 2026-07-01
XLMUSDT,103661.000000000,Long,0.20229,0.20285,50.49066078,3.77452511,3.78497411,0E-8,"{""USDT"":3.77452511}","{""USDT"":3.78497411}",04:14 2026-07-01,8M 18S,04:22 2026-07-01
NEARUSDT,27435.500000000,Long,1.74138835,1.7484585,176.59344236,8.59965506,8.78011258,0E-8,"{""USDT"":8.59965506}","{""USDT"":8.78011258}",01:12 2026-07-01,2M 46S,01:15 2026-07-01
HYPEUSDT,641.880000000,Long,63.52105076,63.9948677,289.10544634,7.33912059,7.68905307,0E-8,"{""USDT"":7.33912059}","{""USDT"":7.68905307}",01:04 2026-07-01,18M 34S,01:22 2026-07-01
XLMUSDT,251004.000000000,Long,0.18095537,0.18097381,-11.83903643,8.17569393,8.29255250,0E-8,"{""USDT"":8.17569393}","{""USDT"":8.29255250}",16:13 2026-06-30,22M 56S,16:36 2026-06-30
ENAUSDT,183335.000000000,Long,0.07079,0.07115,61.31653736,2.33609125,2.34797139,0E-8,"{""USDT"":2.33609125}","{""USDT"":2.34797139}",14:37 2026-06-30,3M 18S,14:40 2026-06-30
ENAUSDT,195104.000000000,Long,0.07165,0.07167623,-2.47722156,2.51625629,5.07809527,0E-8,"{""USDT"":2.51625629}","{""USDT"":5.07809527}",11:11 2026-06-30,18M 18S,11:30 2026-06-30
XLMUSDT,106400.000000000,Long,0.17897,0.17986,87.82368776,3.42763351,3.44467873,0E-8,"{""USDT"":3.42763351}","{""USDT"":3.44467873}",08:46 2026-06-30,11M 35S,08:58 2026-06-30
ENAUSDT,441806.000000000,Long,0.07382267,0.07285,-441.39477580,5.87075368,5.79340212,0E-8,"{""USDT"":5.87075368}","{""USDT"":5.79340212}",08:16 2026-06-30,39M 38S,08:55 2026-06-30
XLMUSDT,115416.000000000,Long,0.18404,0.18513,118.13397754,3.82340892,3.84605354,0E-8,"{""USDT"":3.82340892}","{""USDT"":3.84605354}",04:42 2026-06-30,3M 24S,04:46 2026-06-30
ENAUSDT,184756.000000000,Long,0.07567,0.07618999,91.02135194,2.51648758,2.53378048,0E-8,"{""USDT"":2.51648758}","{""USDT"":2.53378048}",04:24 2026-06-30,6M 26S,04:30 2026-06-30
ENAUSDT,169028.000000000,Long,0.07719,0.07728,10.51276403,2.34850887,2.35124710,0E-8,"{""USDT"":2.34850887}","{""USDT"":2.3512471}",00:31 2026-06-30,10M 3S,00:41 2026-06-30
HYPEUSDT,575.820000000,Long,65.74789986,66.05875652,164.90910513,6.81461204,7.27376283,0E-8,"{""USDT"":6.81461204}","{""USDT"":7.27376283}",00:29 2026-06-30,50M 44S,01:20 2026-06-30
NEARUSDT,10392.400000000,Long,1.8737,1.87262849,-18.14360203,3.50500321,3.50299882,0E-8,"{""USDT"":3.50500321}","{""USDT"":3.50299882}",20:43 2026-06-29,31M 2S,21:14 2026-06-29
NEARUSDT,22.900000000,Long,1.8953,1.8967,0.01642937,0.00781243,0.00781820,0E-8,"{""USDT"":0.00781243}","{""USDT"":0.0078182}",18:16 2026-06-29,24M 4S,18:41 2026-06-29
ENAUSDT,165845.000000000,Long,0.07827,0.07881,84.86713212,2.33652387,2.35264401,0E-8,"{""USDT"":2.33652387}","{""USDT"":2.35264401}",16:26 2026-06-29,12M 46S,16:39 2026-06-29
NEARUSDT,10712.200000000,Long,1.8176,1.827,93.66717684,3.50468906,3.52281410,0E-8,"{""USDT"":3.50468906}","{""USDT"":3.5228141}",14:15 2026-06-29,3M 30S,14:19 2026-06-29
ENAUSDT,160959.000000000,Long,0.08066,0.08083,22.68424157,2.33693155,2.34185688,0E-8,"{""USDT"":2.33693155}","{""USDT"":2.34185688}",13:17 2026-06-29,5M 23S,13:23 2026-06-29
HYPEUSDT,626.560000000,Long,60.75434723,61.413,398.90734882,6.85192390,6.92620728,0E-8,"{""USDT"":6.85192390}","{""USDT"":6.92620728}",21:53 2026-06-28,9M 59S,22:03 2026-06-28
NEARUSDT,10776.500000000,Long,1.8073,1.8155,81.33990115,3.50574638,3.52165247,0E-8,"{""USDT"":3.50574638}","{""USDT"":3.52165247}",21:49 2026-06-28,10M 15S,22:00 2026-06-28
HYPEUSDT,261.640000000,Long,62.028,62.161,28.94941416,2.92122108,2.92748476,0E-8,"{""USDT"":2.92122108}","{""USDT"":2.92748476}",18:16 2026-06-28,1H 15M,19:31 2026-06-28
ENAUSDT,173008.000000000,Long,0.07469,0.07507034,61.13731748,2.32595416,2.33779836,0E-8,"{""USDT"":2.32595416}","{""USDT"":2.33779836}",17:35 2026-06-28,5M 24S,17:40 2026-06-28
NEARUSDT,25107.800000000,Long,1.82488704,1.8261952,16.00578520,8.24740182,8.59185298,0E-8,"{""USDT"":8.24740182}","{""USDT"":8.59185298}",17:09 2026-06-28,31M 24S,17:40 2026-06-28
HYPEUSDT,230.820000000,Long,62.361,62.621,54.82049779,2.59094991,2.60175230,0E-8,"{""USDT"":2.59094991}","{""USDT"":2.60175230}",16:26 2026-06-28,8M 23S,16:35 2026-06-28
ENAUSDT,172926.000000000,Long,0.07509,0.07534583,36.76166496,2.33730241,5.14019263,0E-8,"{""USDT"":2.33730241}","{""USDT"":5.14019263}",13:01 2026-06-28,11M 48S,13:13 2026-06-28
NEARUSDT,24605.600000000,Long,1.84657236,1.85178494,111.87840588,8.17848379,8.20157033,0E-8,"{""USDT"":8.17848379}","{""USDT"":8.20157033}",06:13 2026-06-28,6M 40S,06:19 2026-06-28
NEARUSDT,10333.600000000,Long,1.8964,1.9035,66.30056358,3.52739503,3.54060139,0E-8,"{""USDT"":3.52739503}","{""USDT"":3.54060139}",03:15 2026-06-28,4M 56S,03:20 2026-06-28
NEARUSDT,10433.900000000,Long,1.8667,1.87160363,40.53284198,3.50585303,7.12527499,0E-8,"{""USDT"":3.50585303}","{""USDT"":7.12527499}",21:51 2026-06-27,2M 49S,21:54 2026-06-27
TAOUSDT,58.260000000,Long,209.01,210.26,68.42819936,2.19184607,2.20495457,0E-8,"{""USDT"":2.19184607}","{""USDT"":2.20495457}",19:25 2026-06-27,3M 22S,19:28 2026-06-27
NEARUSDT,24053.900000000,Long,1.88850038,1.88801242,-28.35804950,8.17664392,8.44416558,0E-8,"{""USDT"":8.17664392}","{""USDT"":8.44416558}",18:01 2026-06-27,2H 34M,20:35 2026-06-27
ENAUSDT,169124.000000000,Long,0.07753,0.07762004,10.50419284,2.36019314,2.36293402,0E-8,"{""USDT"":2.36019314}","{""USDT"":2.36293402}",17:09 2026-06-27,7M 14S,17:16 2026-06-27
NEARUSDT,10261.500000000,Long,1.8977,1.9047,64.80720100,3.50518474,3.51811426,0E-8,"{""USDT"":3.50518474}","{""USDT"":3.51811426}",17:02 2026-06-27,3M 57S,17:06 2026-06-27
HYPEUSDT,463.710000000,Long,62.987,62.96743736,-21.54806140,5.25738632,7.21928508,0E-8,"{""USDT"":5.25738632}","{""USDT"":7.21928508}",09:10 2026-06-27,22M 21S,09:32 2026-06-27
HYPEUSDT,235.890000000,Long,63.263,63.79943359,121.14422364,2.68615964,2.70893672,0E-8,"{""USDT"":2.68615964}","{""USDT"":2.70893672}",21:04 2026-06-26,18M 45S,21:22 2026-06-26
NEARUSDT,9998.200000000,Long,1.7978,1.79790675,-5.45685368,3.23545752,3.28870616,0E-8,"{""USDT"":3.23545752}","{""USDT"":3.28870616}",21:01 2026-06-26,29M 48S,21:31 2026-06-26
HYPEUSDT,573.430000000,Long,61.20877539,61.731,286.76973596,6.31781067,6.37171337,0E-8,"{""USDT"":6.31781067}","{""USDT"":6.37171337}",12:43 2026-06-26,45M 12S,13:28 2026-06-26
NEARUSDT,10115.600000000,Long,1.7771,1.7824,47.13151389,3.23575790,3.24540821,0E-8,"{""USDT"":3.2357579}","{""USDT"":3.24540821}",12:40 2026-06-26,5M 15S,12:45 2026-06-26
XLMUSDT,103986.000000000,Long,0.17333,0.17371,33.01896552,3.24430092,3.25141356,0E-8,"{""USDT"":3.24430092}","{""USDT"":3.25141356}",12:40 2026-06-26,5M 21S,12:45 2026-06-26
ENAUSDT,155159.000000000,Long,0.07723,0.07739,20.50711676,2.15692733,2.16139591,0E-8,"{""USDT"":2.15692733}","{""USDT"":2.16139591}",12:40 2026-06-26,5M 30S,12:45 2026-06-26
VVVUSDT,924.430000000,Long,13.215,13.299,68.95214276,4.03139311,4.05701821,0.61156592,"{""USDT"":4.03139311}","{""USDT"":4.05701821}",11:58 2026-06-26,3M 21S,12:01 2026-06-26
NEARUSDT,9692.400000000,Long,1.7860977,1.79234667,54.07562208,3.11608325,3.37577467,0E-8,"{""USDT"":3.11608325}","{""USDT"":3.37577467}",11:21 2026-06-26,11M 56S,11:33 2026-06-26
HYPEUSDT,969.930000000,Long,63.07687588,62.94129555,-153.50461499,11.01242782,10.98875717,0E-8,"{""USDT"":11.01242782}","{""USDT"":10.98875717}",09:06 2026-06-26,3H 11M,12:17 2026-06-26
VVVUSDT,879.700000000,Long,13.62,13.654,21.99213051,3.95389963,3.96376986,0E-8,"{""USDT"":3.95389963}","{""USDT"":3.96376986}",09:00 2026-06-26,5M 50S,09:06 2026-06-26
NEARUSDT,9800.700000000,Long,1.7639,1.76477928,2.39250502,3.11174186,3.11329312,0E-8,"{""USDT"":3.11174186}","{""USDT"":3.11329312}",02:49 2026-06-26,10M 41S,03:00 2026-06-26
HYPEUSDT,604.490000000,Long,61.99248479,61.98623722,-24.84465654,6.74529071,14.32277583,0E-8,"{""USDT"":6.74529071}","{""USDT"":14.32277583}",02:16 2026-06-26,48M 53S,03:05 2026-06-26
TAOUSDT,59.496000000,Long,206.6,207.88,71.71609758,2.21253726,2.22624516,0E-8,"{""USDT"":2.21253726}","{""USDT"":2.22624516}",02:13 2026-06-26,1M 38S,02:15 2026-06-26
MONUSDT,826167.000000000,Long,0.018578,0.01863704,43.24324376,2.76273559,2.77151565,0E-8,"{""USDT"":2.76273559}","{""USDT"":2.77151565}",02:13 2026-06-26,4M 40S,02:18 2026-06-26
NEARUSDT,24292.000000000,Long,1.77017369,1.78293518,294.41162770,7.74019071,7.85044159,0E-8,"{""USDT"":7.74019071}","{""USDT"":7.85044159}",02:13 2026-06-26,1M 59S,02:15 2026-06-26
ENAUSDT,154381.000000000,Long,0.0804,0.08041,-2.92487159,2.23420184,2.23447975,0E-8,"{""USDT"":2.23420184}","{""USDT"":2.23447975}",02:12 2026-06-26,14M 19S,02:27 2026-06-26
VVVUSDT,903.370000000,Long,13.616,13.686,55.09684338,4.05909439,4.07996223,0E-8,"{""USDT"":4.05909439}","{""USDT"":4.07996223}",23:38 2026-06-25,8M 40S,23:47 2026-06-25
NEARUSDT,23453.300000000,Long,1.787859,1.7953,159.38924741,7.54761487,7.57902772,0E-8,"{""USDT"":7.54761487}","{""USDT"":7.57902772}",22:38 2026-06-25,6M 17S,22:44 2026-06-25
VVVUSDT,850.020000000,Long,14.095,14.133,24.38261964,3.95374056,3.96439980,0E-8,"{""USDT"":3.95374056}","{""USDT"":3.96439980}",20:37 2026-06-25,6M 7S,20:43 2026-06-25
VVVUSDT,875.010000000,Long,13.694,13.808,91.80984667,3.95418775,3.98710558,0E-8,"{""USDT"":3.95418775}","{""USDT"":3.98710558}",18:15 2026-06-25,3M 2S,18:18 2026-06-25
VVVUSDT,856.970000000,Long,13.982,14.21769567,193.97421214,3.95411100,4.05579686,0E-8,"{""USDT"":3.954111}","{""USDT"":4.05579686}",17:14 2026-06-25,0M 19S,17:15 2026-06-25
NEARUSDT,24962.800000000,Long,1.87385769,1.85166936,-570.62288585,8.41981237,8.32011348,0E-8,"{""USDT"":8.41981237}","{""USDT"":8.32011348}",13:45 2026-06-25,16M 56S,14:02 2026-06-25
VVVUSDT,2548.890000000,Long,12.34882253,12.22577215,-338.90769009,10.38701106,14.87878903,0E-8,"{""USDT"":10.38701106}","{""USDT"":14.87878903}",13:45 2026-06-25,26M 7S,14:11 2026-06-25
XLMUSDT,273730.000000000,Long,0.1789611,0.17632588,-738.84581731,8.81766418,8.68782313,0E-8,"{""USDT"":8.81766418}","{""USDT"":8.68782313}",13:42 2026-06-25,17M 58S,14:00 2026-06-25
HYPEUSDT,659.600000000,Long,61.81305797,59.05557938,-1840.60916824,7.33894077,14.43734747,0E-8,"{""USDT"":7.33894077}","{""USDT"":14.43734747}",13:42 2026-06-25,51M 2S,14:33 2026-06-25
NEARUSDT,25777.900000000,Long,1.9185857,1.9108,-218.46754410,8.90227996,8.86615414,0E-8,"{""USDT"":8.90227996}","{""USDT"":8.86615414}",11:40 2026-06-25,49M 28S,12:30 2026-06-25
HYPEUSDT,279.950000000,Long,62.429,62.877,119.10330532,3.14585974,3.16843494,0E-8,"{""USDT"":3.14585974}","{""USDT"":3.16843494}",11:08 2026-06-25,51M 19S,12:00 2026-06-25
MONUSDT,888712.000000000,Long,0.019663,0.01973,53.24207815,3.14545400,3.15617185,0E-8,"{""USDT"":3.14545400}","{""USDT"":3.15617185}",07:43 2026-06-25,2M 16S,07:46 2026-06-25
MONUSDT,931765.000000000,Long,0.018758,0.01890045,126.41722072,3.14604862,3.16994066,0E-8,"{""USDT"":3.14604862}","{""USDT"":3.16994066}",17:22 2026-06-24,3M 46S,17:26 2026-06-24
XLMUSDT,111495.000000000,Long,0.18298,0.18466,179.93339602,3.67224397,3.70596001,0E-8,"{""USDT"":3.67224397}","{""USDT"":3.70596001}",16:51 2026-06-24,1M 2S,16:52 2026-06-24
MONUSDT,2143273.000000000,Long,0.0190257,0.01901935,-28.26640948,7.33990673,7.33746075,0E-8,"{""USDT"":7.33990673}","{""USDT"":7.33746075}",16:48 2026-06-24,10M 54S,16:59 2026-06-24
MONUSDT,915639.000000000,Long,0.019085,0.019152,55.04578095,3.14549467,3.15653738,0E-8,"{""USDT"":3.14549467}","{""USDT"":3.15653738}",15:42 2026-06-24,8M 2S,15:50 2026-06-24
NEARUSDT,10893.300000000,Long,1.9258,1.93409048,81.93357892,3.77609709,4.60106399,0E-8,"{""USDT"":3.77609709}","{""USDT"":4.60106399}",13:22 2026-06-24,3M 26S,13:26 2026-06-24
MONUSDT,895704.000000000,Long,0.019509,0.01950802,-7.16696167,3.14537224,3.14521443,0E-8,"{""USDT"":3.14537224}","{""USDT"":3.14521443}",13:22 2026-06-24,10M 54S,13:32 2026-06-24
HYPEUSDT,343.580000000,Long,60.481,61.12727036,214.52477943,3.74041118,3.78037939,0E-8,"{""USDT"":3.74041118}","{""USDT"":3.78037939}",04:21 2026-06-24,11M 34S,04:33 2026-06-24
HYPEUSDT,1601.850000000,Long,61.19353039,61.17528012,-64.57775425,17.64411422,17.69945003,0E-8,"{""USDT"":17.64411422}","{""USDT"":17.69945003}",03:00 2026-06-24,38M 23S,03:38 2026-06-24
HYPEUSDT,1575.880000000,Long,62.11235616,62.32605785,301.47020848,17.61869164,17.67930988,0E-8,"{""USDT"":17.61869164}","{""USDT"":17.67930988}",15:07 2026-06-23,52M 14S,15:59 2026-06-23
MONUSDT,1063584.000000000,Long,0.019722,0.01981873,94.73868472,3.77568073,4.36096555,0E-8,"{""USDT"":3.77568073}","{""USDT"":4.36096555}",10:00 2026-06-23,34M 3S,10:34 2026-06-23
MONUSDT,1058529.000000000,Long,0.019822,0.01982395,-5.48946019,3.77678919,3.77716100,0E-8,"{""USDT"":3.77678919}","{""USDT"":3.77716100}",08:17 2026-06-23,13M 23S,08:31 2026-06-23
HYPEUSDT,333.260000000,Long,62.947,63.45035465,158.40923079,3.77598911,5.56275010,0E-8,"{""USDT"":3.77598911}","{""USDT"":5.56275010}",08:17 2026-06-23,17M 25S,08:35 2026-06-23
NEARUSDT,16431.000000000,Long,1.98568685,1.9857,-11.52963438,5.87282777,5.87286661,0E-8,"{""USDT"":5.87282777}","{""USDT"":5.87286661}",08:17 2026-06-23,16M 5S,08:33 2026-06-23
TAOUSDT,57.783000000,Long,220.03,221.07,55.50646535,2.28851884,2.29933581,0E-8,"{""USDT"":2.28851884}","{""USDT"":2.29933581}",06:21 2026-06-23,3M 33S,06:24 2026-06-23
HYPEUSDT,1834.820000000,Long,64.25489595,64.36288157,155.65590515,21.22131037,21.25697448,0E-8,"{""USDT"":21.22131037}","{""USDT"":21.25697448}",06:07 2026-06-23,45M 21S,06:53 2026-06-23
NEARUSDT,15085.300000000,Long,2.02951488,2.0335,49.08420627,5.51085136,5.52167237,0E-8,"{""USDT"":5.51085136}","{""USDT"":5.52167237}",04:41 2026-06-23,27M 48S,05:09 2026-06-23
TAOUSDT,56.155000000,Long,225.15,225.08407248,-10.73673943,2.27579369,4.75878574,0E-8,"{""USDT"":2.27579369}","{""USDT"":4.75878574}",01:48 2026-06-23,4M 39S,01:53 2026-06-23
NEARUSDT,15691.800000000,Long,2.07958555,2.0474,-519.94904414,5.87383932,5.78293051,3.24302431,"{""USDT"":5.87383932}","{""USDT"":5.78293051}",22:28 2026-06-22,4H 36M,03:04 2026-06-23
HYPEUSDT,729.590000000,Long,67.08805178,67.398,207.00310878,8.81041898,8.85112324,1.47046900,"{""USDT"":8.81041898}","{""USDT"":8.85112324}",15:51 2026-06-22,29M 13S,16:20 2026-06-22
HYPEUSDT,1423.430000000,Long,66.75784874,66.03500954,-1070.58657241,17.10452255,24.57104986,0E-8,"{""USDT"":17.10452255}","{""USDT"":24.57104986}",02:58 2026-06-22,2H 9M,05:08 2026-06-22
HYPEUSDT,312.730000000,Long,67.071,67.286,59.67380632,3.77552050,3.78762318,0E-8,"{""USDT"":3.77552050}","{""USDT"":3.78762318}",22:09 2026-06-21,7M 22S,22:16 2026-06-21
TAOUSDT,60.576000000,Long,231.53,231.75610852,8.64048286,2.52452904,2.53173810,0E-8,"{""USDT"":2.52452904}","{""USDT"":2.53173810}",21:09 2026-06-21,3M 42S,21:13 2026-06-21
NEARUSDT,6573.000000000,Long,2.1276,2.13153582,20.83098600,2.51724870,2.52190530,0E-8,"{""USDT"":2.51724870}","{""USDT"":2.52190530}",20:50 2026-06-21,4M 16S,20:54 2026-06-21
HYPEUSDT,618.680000000,Long,67.80849758,68.25550708,261.40342582,7.55131709,7.60109709,0E-8,"{""USDT"":7.55131709}","{""USDT"":7.60109709}",16:37 2026-06-21,27M 32S,17:05 2026-06-21
NEARUSDT,14988.100000000,Long,2.1771843,2.1781,1.97462120,5.87373410,5.87620470,0E-8,"{""USDT"":5.87373410}","{""USDT"":5.87620470}",12:22 2026-06-21,31M 5S,12:53 2026-06-21
HYPEUSDT,718.320000000,Long,68.13776247,67.87102268,-209.63903756,8.81004921,11.43848267,-2.21402432,"{""USDT"":8.81004921}","{""USDT"":11.43848267}",07:55 2026-06-21,1H 13M,09:09 2026-06-21
TAOUSDT,61.515000000,Long,226.12,227.32,68.79719490,2.50375893,2.51704617,0E-8,"{""USDT"":2.50375893}","{""USDT"":2.51704617}",17:35 2026-06-20,4M 30S,17:39 2026-06-20
NEARUSDT,6521.100000000,Long,2.145,2.1493,23.00008922,2.51779671,2.52284407,0E-8,"{""USDT"":2.51779671}","{""USDT"":2.52284407}",17:35 2026-06-20,7M 30S,17:42 2026-06-20
NEARUSDT,7570.500000000,Long,2.10540966,2.11241757,47.29362367,2.86902072,2.89075561,0E-8,"{""USDT"":2.86902072}","{""USDT"":2.89075561}",14:05 2026-06-20,51M 47S,14:57 2026-06-20
HYPEUSDT,854.100000000,Long,69.60232849,69.36102627,-227.46016836,10.70052289,10.66342547,0E-8,"{""USDT"":10.70052289}","{""USDT"":10.66342547}",13:23 2026-06-20,1H 11M,14:35 2026-06-20
HYPEUSDT,808.070000000,Long,69.22989948,69.584,265.94716727,10.06966900,10.12117373,0E-8,"{""USDT"":10.06966900}","{""USDT"":10.12117373}",21:39 2026-06-19,37M 44S,22:17 2026-06-19
NEARUSDT,3798.300000000,Long,2.129,2.14086278,41.67653834,1.45558455,1.92627711,0E-8,"{""USDT"":1.45558455}","{""USDT"":1.92627711}",16:56 2026-06-19,7M 32S,17:03 2026-06-19
HYPEUSDT,1157.220000000,Long,65.72324752,66.16261596,480.10359258,13.69012624,14.65222118,0E-8,"{""USDT"":13.69012624}","{""USDT"":14.65222118}",04:51 2026-06-19,26M 0S,05:17 2026-06-19
HYPEUSDT,1407.100000000,Long,66.46426662,66.92370181,612.48582271,16.83393662,17.15149067,0E-8,"{""USDT"":16.83393662}","{""USDT"":17.15149067}",03:18 2026-06-19,53M 22S,04:11 2026-06-19
TAOUSDT,69.623000000,Long,230.47,230.34905376,-17.72395955,2.88828233,6.41503722,0E-8,"{""USDT"":2.88828233}","{""USDT"":6.41503722}",03:15 2026-06-19,6M 39S,03:21 2026-06-19
NEARUSDT,16740.100000000,Long,2.15139896,2.1342,-300.82570397,6.48263411,6.43080986,0E-8,"{""USDT"":6.48263411}","{""USDT"":6.43080986}",03:15 2026-06-19,2H 28M,05:44 2026-06-19
HYPEUSDT,671.560000000,Long,66.95198523,67.31355024,224.84191071,8.09320956,9.87747973,0E-8,"{""USDT"":8.09320956}","{""USDT"":9.87747973}",01:11 2026-06-19,40M 21S,01:52 2026-06-19
HYPEUSDT,1551.110000000,Long,67.64647556,67.945496,425.95634855,18.88688254,18.97036891,0E-8,"{""USDT"":18.88688254}","{""USDT"":18.97036891}",21:13 2026-06-18,1H 13M,22:26 2026-06-18
NEARUSDT,16355.100000000,Long,2.15429896,2.1636,139.40786946,6.34207953,6.36946101,0E-8,"{""USDT"":6.34207953}","{""USDT"":6.36946101}",17:27 2026-06-18,2M 49S,17:30 2026-06-18
TAOUSDT,64.916000000,Long,230.81,231.82,60.15938388,2.69698717,2.70878895,0E-8,"{""USDT"":2.69698717}","{""USDT"":2.70878895}",17:11 2026-06-18,4M 53S,17:15 2026-06-18
NEARUSDT,6737.500000000,Long,2.1894,2.2012,74.17779983,2.65519486,2.66950531,0E-8,"{""USDT"":2.65519486}","{""USDT"":2.66950531}",15:40 2026-06-18,5M 37S,15:46 2026-06-18
HYPEUSDT,1168.720000000,Long,69.48033881,68.63164637,-1023.34934896,14.61655110,14.43801206,2.41095580,"{""USDT"":14.61655110}","{""USDT"":14.43801206}",14:28 2026-06-18,1H 34M,16:03 2026-06-18
HYPEUSDT,1062.420000000,Long,70.49152513,71.07698577,594.93215078,13.48048912,13.59245010,0E-8,"{""USDT"":13.48048912}","{""USDT"":13.59245010}",13:36 2026-06-18,14M 18S,13:50 2026-06-18
HYPEUSDT,318.080000000,Long,70.674,71.103,128.33896286,4.04639749,4.07095965,0E-8,"{""USDT"":4.04639749}","{""USDT"":4.07095965}",11:42 2026-06-18,38M 26S,12:21 2026-06-18
NEARUSDT,7082.800000000,Long,2.1846,2.18530006,-0.61610049,2.78515528,2.78936521,0E-8,"{""USDT"":2.78515528}","{""USDT"":2.78936521}",04:04 2026-06-18,8M 34S,04:13 2026-06-18
HYPEUSDT,1583.610000000,Long,70.42367874,69.69280251,-1209.58100621,20.07425559,32.08385062,0E-8,"{""USDT"":20.07425559}","{""USDT"":32.08385062}",03:43 2026-06-18,2H 21M,06:04 2026-06-18
NEARUSDT,17182.300000000,Long,2.19202697,2.20261111,168.26798168,6.77953179,6.81226653,0E-8,"{""USDT"":6.77953179}","{""USDT"":6.81226653}",23:13 2026-06-17,5M 4S,23:18 2026-06-17
HYPEUSDT,1136.920000000,Long,70.69019519,70.85665693,160.28673941,14.46643743,14.50050316,0E-8,"{""USDT"":14.46643743}","{""USDT"":14.50050316}",21:45 2026-06-17,38M 47S,22:24 2026-06-17
NEARUSDT,16807.800000000,Long,2.21931235,2.2182005,-32.12960203,6.71431650,6.72759553,0E-8,"{""USDT"":6.71431650}","{""USDT"":6.72759553}",21:43 2026-06-17,22M 41S,22:06 2026-06-17
NEARUSDT,15201.100000000,Long,2.23969768,2.2417,18.17540857,6.12825636,6.13373507,0E-8,"{""USDT"":6.12825636}","{""USDT"":6.13373507}",19:38 2026-06-17,8M 32S,19:47 2026-06-17
NEARUSDT,6244.500000000,Long,2.2702,2.2813,64.19801843,2.55172751,2.56420406,0E-8,"{""USDT"":2.55172751}","{""USDT"":2.56420406}",19:20 2026-06-17,6M 52S,19:27 2026-06-17
HYPEUSDT,2146.950000000,Long,72.06402741,72.06666995,-61.59534749,27.84921565,39.41952184,0E-8,"{""USDT"":27.84921565}","{""USDT"":39.41952184}",19:19 2026-06-17,35M 42S,19:55 2026-06-17
VVVUSDT,1377.680000000,Long,16.15,16.186,34.89542195,7.34234557,7.35871248,0E-8,"{""USDT"":7.34234557}","{""USDT"":7.35871248}",18:58 2026-06-17,2M 57S,19:01 2026-06-17
HYPEUSDT,712.000000000,Long,73.6702427,73.66028001,-37.51345618,9.44157832,20.97844786,0E-8,"{""USDT"":9.44157832}","{""USDT"":20.97844786}",18:57 2026-06-17,17M 5S,19:14 2026-06-17
TAOUSDT,59.545000000,Long,252.65,252.72841481,-4.05820345,2.70792797,6.01948548,0E-8,"{""USDT"":2.70792797}","{""USDT"":6.01948548}",18:00 2026-06-17,5M 53S,18:06 2026-06-17
VVVUSDT,1373.920000000,Long,16.179,16.172,-24.28517659,7.33545506,7.33228153,0E-8,"{""USDT"":7.33545506}","{""USDT"":7.33228153}",18:00 2026-06-17,6M 16S,18:06 2026-06-17
HYPEUSDT,1178.950000000,Long,73.9616663,74.37352461,453.18829678,15.69547920,16.67657402,0E-8,"{""USDT"":15.69547920}","{""USDT"":16.67657402}",17:41 2026-06-17,27M 55S,18:09 2026-06-17
HYPEUSDT,719.280000000,Long,73.01288814,73.47859886,314.53396806,9.45300785,10.98943409,0E-8,"{""USDT"":9.45300785}","{""USDT"":10.98943409}",06:29 2026-06-17,32M 33S,07:01 2026-06-17
HYPEUSDT,607.050000000,Long,73.58548554,74.01240371,243.03279621,8.04061243,8.08726136,0E-8,"{""USDT"":8.04061243}","{""USDT"":8.08726136}",05:07 2026-06-17,22M 55S,05:30 2026-06-17
MONUSDT,2358449.000000000,Long,0.02223578,0.02224332,35.77058064,9.43955229,10.16510850,-37.59269943,"{""USDT"":9.43955229}","{""USDT"":10.16510850}",05:00 2026-06-17,10H 51M,15:52 2026-06-17
NEARUSDT,7004.000000000,Long,2.2824,2.3018,130.09820735,2.87746735,2.90192530,0E-8,"{""USDT"":2.87746735}","{""USDT"":2.9019253}",19:56 2026-06-16,2M 53S,19:59 2026-06-16
HYPEUSDT,1101.580000000,Long,72.62288955,73.14737943,548.86358955,14.39998618,14.50398427,0E-8,"{""USDT"":14.39998618}","{""USDT"":14.50398427}",18:41 2026-06-16,39M 12S,19:20 2026-06-16
HYPEUSDT,328.890000000,Long,72.911,73.76449339,271.52690301,4.31634579,4.86219120,0E-8,"{""USDT"":4.31634579}","{""USDT"":4.86219120}",17:08 2026-06-16,20M 36S,17:29 2026-06-16
MONUSDT,2352620.000000000,Long,0.02322915,0.02317348,-151.80711214,9.83688655,11.00338159,0E-8,"{""USDT"":9.83688655}","{""USDT"":11.00338159}",13:11 2026-06-16,2H 39M,15:50 2026-06-16
NEARUSDT,15618.000000000,Long,2.3884671,2.396,104.19847463,6.71455428,6.73573109,0E-8,"{""USDT"":6.71455428}","{""USDT"":6.73573109}",13:09 2026-06-16,5M 53S,13:15 2026-06-16
NEARUSDT,6499.800000000,Long,2.4419,2.44131651,-9.79043504,2.85693520,3.14092984,0E-8,"{""USDT"":2.85693520}","{""USDT"":3.14092984}",11:36 2026-06-16,22M 22S,11:58 2026-06-16
HYPEUSDT,319.870000000,Long,74.983,74.96132876,-16.43240665,4.31726620,5.18316045,0E-8,"{""USDT"":4.3172662}","{""USDT"":5.18316045}",11:24 2026-06-16,12M 45S,11:37 2026-06-16
NEARUSDT,13242.400000000,Long,2.46472319,2.47193487,83.30944224,5.87499309,6.31552467,0E-8,"{""USDT"":5.87499309}","{""USDT"":6.31552467}",10:57 2026-06-16,5M 52S,11:03 2026-06-16
HYPEUSDT,287.620000000,Long,72.971,73.8,230.83841048,3.77782544,3.82074408,0E-8,"{""USDT"":3.77782544}","{""USDT"":3.82074408}",09:06 2026-06-16,24M 39S,09:31 2026-06-16
NEARUSDT,14033.900000000,Long,2.35063912,2.35126384,-4.59877950,5.93795422,7.42799528,0E-8,"{""USDT"":5.93795422}","{""USDT"":7.42799528}",02:14 2026-06-16,23M 0S,02:37 2026-06-16
NEARUSDT,5773.400000000,Long,2.37,2.38290992,69.49830427,2.46293244,2.57291329,0E-8,"{""USDT"":2.46293244}","{""USDT"":2.57291329}",23:24 2026-06-15,3M 50S,23:28 2026-06-15
HYPEUSDT,1057.000000000,Long,66.82657091,66.78213132,-72.39304172,12.71442341,12.70596831,0E-8,"{""USDT"":12.71442341}","{""USDT"":12.70596831}",22:31 2026-06-15,1H 13M,23:45 2026-06-15
VVVUSDT,1404.150000000,Long,15.222,15.19853843,-52.38063962,7.05341058,12.38365904,0E-8,"{""USDT"":7.05341058}","{""USDT"":12.38365904}",22:02 2026-06-15,7M 33S,22:10 2026-06-15
VVVUSDT,1842.270000000,Long,15.40997088,15.471,93.65805148,9.36847798,9.40558054,0E-8,"{""USDT"":9.36847798}","{""USDT"":9.40558054}",21:49 2026-06-15,9M 22S,21:59 2026-06-15
NEARUSDT,5727.400000000,Long,2.4335,2.4454,63.12624582,2.50877306,2.52104112,0E-8,"{""USDT"":2.50877306}","{""USDT"":2.52104112}",21:33 2026-06-15,4M 53S,21:38 2026-06-15
TAOUSDT,52.253000000,Long,265.62,266.28,29.48417322,2.49829956,2.50450722,0E-8,"{""USDT"":2.49829956}","{""USDT"":2.50450722}",21:31 2026-06-15,6M 34S,21:37 2026-06-15
NEARUSDT,5758.200000000,Long,2.4751,2.4912,87.55956917,2.56538177,2.58206906,0E-8,"{""USDT"":2.56538177}","{""USDT"":2.58206906}",19:29 2026-06-15,4M 14S,19:34 2026-06-15
HYPEUSDT,312.670000000,Long,67.137,67.39664298,73.39312947,3.77851068,4.01092985,0E-8,"{""USDT"":3.77851068}","{""USDT"":4.01092985}",19:19 2026-06-15,57M 17S,20:16 2026-06-15
NEARUSDT,5611.800000000,Long,2.4937,2.5063,65.65805997,2.51894622,2.53167381,0E-8,"{""USDT"":2.51894622}","{""USDT"":2.53167381}",19:19 2026-06-15,3M 5S,19:22 2026-06-15
VVVUSDT,1276.830000000,Long,16.436,16.575,163.57005635,6.92537271,6.98394094,0E-8,"{""USDT"":6.92537271}","{""USDT"":6.98394094}",15:39 2026-06-15,3M 3S,15:43 2026-06-15
VVVUSDT,1278.140000000,Long,16.421,16.438,7.86890708,6.92615121,6.93332171,0E-8,"{""USDT"":6.92615121}","{""USDT"":6.93332171}",13:01 2026-06-15,4M 34S,13:06 2026-06-15
HYPEUSDT,311.740000000,Long,67.326,67.794,138.31230437,3.77787732,3.80413831,0E-8,"{""USDT"":3.77787732}","{""USDT"":3.80413831}",12:04 2026-06-15,5M 23S,12:10 2026-06-15
NEARUSDT,13518.700000000,Long,2.35868176,2.36368573,56.15597139,5.73953602,5.75171259,0E-8,"{""USDT"":5.73953602}","{""USDT"":5.75171259}",08:59 2026-06-15,22M 20S,09:22 2026-06-15
TAOUSDT,117.466000000,Long,271.47096692,267.45,-483.72178029,5.73994956,5.65493073,0E-8,"{""USDT"":5.73994956}","{""USDT"":5.65493073}",08:57 2026-06-15,16M 42S,09:14 2026-06-15
TAOUSDT,117.245000000,Long,278.40924671,277.13099962,-161.64159019,5.87557660,5.89793359,0E-8,"{""USDT"":5.87557660}","{""USDT"":5.89793359}",08:38 2026-06-15,2M 6S,08:40 2026-06-15
NEARUSDT,4278.500000000,Long,2.3382,2.33717056,-8.60260076,1.80071798,2.39743278,0E-8,"{""USDT"":1.80071798}","{""USDT"":2.39743278}",04:38 2026-06-15,6M 8S,04:44 2026-06-15
HYPEUSDT,239.290000000,Long,62.664,62.7197727,4.64348784,2.69907635,6.00328581,0E-8,"{""USDT"":2.69907635}","{""USDT"":6.00328581}",22:05 2026-06-14,4M 52S,22:10 2026-06-14
TAOUSDT,54.719000000,Long,257.31,259.03,89.03103042,2.53435430,2.55129528,0E-8,"{""USDT"":2.53435430}","{""USDT"":2.55129528}",14:23 2026-06-14,3M 24S,14:27 2026-06-14
HYPEUSDT,1636.760000000,Long,59.97544075,60.15770357,262.92723739,17.66977248,17.72347013,0E-8,"{""USDT"":17.66977248}","{""USDT"":17.72347013}",14:12 2026-06-14,44M 21S,14:56 2026-06-14
VVVUSDT,1352.880000000,Long,16.518,16.5043368,-33.54063227,7.37446772,7.68149455,0E-8,"{""USDT"":7.37446772}","{""USDT"":7.68149455}",17:54 2026-06-13,4M 15S,17:59 2026-06-13
NEARUSDT,7072.200000000,Long,2.1201,2.11987625,-8.91554421,2.69887882,4.63426539,0E-8,"{""USDT"":2.69887882}","{""USDT"":4.63426539}",17:51 2026-06-13,7M 53S,17:59 2026-06-13
HYPEUSDT,386.120000000,Long,59.39,59.39335839,-10.87836752,4.12770005,8.04740747,0E-8,"{""USDT"":4.12770005}","{""USDT"":8.04740747}",17:03 2026-06-13,16M 56S,17:20 2026-06-13
NEARUSDT,16679.200000000,Long,2.09712824,2.1067,147.02831140,6.29611586,6.32485274,0E-8,"{""USDT"":6.29611586}","{""USDT"":6.32485274}",16:22 2026-06-13,5M 23S,16:27 2026-06-13
VVVUSDT,3100.940000000,Long,16.91924581,16.93342467,-0.51875427,17.31363694,27.17293733,0E-8,"{""USDT"":17.31363694}","{""USDT"":27.17293733}",07:19 2026-06-13,4M 7S,07:24 2026-06-13
HYPEUSDT,898.480000000,Long,58.39651055,57.66898654,-682.92860812,9.44425744,19.81858068,0E-8,"{""USDT"":9.44425744}","{""USDT"":19.81858068}",03:22 2026-06-13,2H 17M,05:40 2026-06-13
NEARUSDT,7552.300000000,Long,1.9851,1.9942,63.31641385,2.69857274,2.71094341,0E-8,"{""USDT"":2.69857274}","{""USDT"":2.71094341}",21:51 2026-06-12,7M 52S,21:59 2026-06-12
NEARUSDT,7555.000000000,Long,1.9846,1.9886,24.81684531,2.69885755,2.70429714,0E-8,"{""USDT"":2.69885755}","{""USDT"":2.70429714}",20:49 2026-06-12,6M 49S,20:55 2026-06-12
NEARUSDT,17277.600000000,Long,2.02461488,2.0295,74.47267660,6.29648750,6.31168009,-2.67769419,"{""USDT"":6.29648750}","{""USDT"":6.31168009}",15:59 2026-06-12,13M 26S,16:13 2026-06-12
NEARUSDT,11889.800000000,Long,2.05787543,2.0591,5.74885734,4.40419092,4.40681174,0E-8,"{""USDT"":4.40419092}","{""USDT"":4.40681174}",15:36 2026-06-12,14M 59S,15:51 2026-06-12
NEARUSDT,16731.000000000,Long,2.09002824,2.09075055,-3.86639129,6.29428725,9.65723404,0E-8,"{""USDT"":6.29428725}","{""USDT"":9.65723404}",15:20 2026-06-12,14M 32S,15:35 2026-06-12
HYPEUSDT,381.590000000,Long,59.308,60.004,257.39155202,4.07364117,4.12144681,0E-8,"{""USDT"":4.07364117}","{""USDT"":4.12144681}",13:42 2026-06-12,18M 6S,14:01 2026-06-12
VVVUSDT,1575.960000000,Long,14.351,14.35220867,-21.94452915,7.46347865,16.38587050,0E-8,"{""USDT"":7.46347865}","{""USDT"":16.38587050}",13:42 2026-06-12,3M 5S,13:45 2026-06-12
NEARUSDT,7254.600000000,Long,2.0659,2.0732,47.55362730,2.69771007,2.70724263,0E-8,"{""USDT"":2.69771007}","{""USDT"":2.70724263}",13:30 2026-06-12,4M 33S,13:35 2026-06-12
HYPEUSDT,394.000000000,Long,57.032,57.414,142.39148967,4.04470945,4.07180088,0E-8,"{""USDT"":4.04470945}","{""USDT"":4.07180088}",06:36 2026-06-12,29M 49S,07:06 2026-06-12
NEARUSDT,6902.500000000,Long,2.0263,2.02526664,-13.53281335,2.51757644,3.88246691,0E-8,"{""USDT"":2.51757644}","{""USDT"":3.88246691}",20:28 2026-06-11,19M 28S,20:47 2026-06-11
NEARUSDT,6776.100000000,Long,2.0318,2.04394891,75.30615382,2.47818243,4.53787375,0E-8,"{""USDT"":2.47818243}","{""USDT"":4.53787375}",18:08 2026-06-11,3M 2S,18:11 2026-06-11
HYPEUSDT,362.050000000,Long,57.935,57.94996923,-6.74827070,3.77556602,8.39231468,0E-8,"{""USDT"":3.77556602}","{""USDT"":8.39231468}",18:04 2026-06-11,11M 30S,18:15 2026-06-11
NEARUSDT,7384.500000000,Long,2.0026,2.0211,131.26490767,2.66187595,2.68646638,0E-8,"{""USDT"":2.66187595}","{""USDT"":2.68646638}",12:44 2026-06-11,0M 38S,12:44 2026-06-11
HYPEUSDT,1739.470000000,Long,55.86800241,56.27209497,667.79529938,17.49252870,17.61905192,0E-8,"{""USDT"":17.49252870}","{""USDT"":17.61905192}",12:22 2026-06-11,29M 45S,12:52 2026-06-11
NEARUSDT,16116.400000000,Long,2.02511484,2.02231248,-62.08343211,5.87476102,11.04463109,0E-8,"{""USDT"":5.87476102}","{""USDT"":11.04463109}",12:22 2026-06-11,13M 24S,12:35 2026-06-11
NEARUSDT,7014.900000000,Long,1.9962,2.0071,71.40751508,2.52056587,2.53432905,0E-8,"{""USDT"":2.52056587}","{""USDT"":2.53432905}",03:49 2026-06-11,6M 16S,03:55 2026-06-11
NEARUSDT,7177.400000000,Long,1.9486,1.95100236,9.12399155,2.51745870,5.60124975,0E-8,"{""USDT"":2.5174587}","{""USDT"":5.60124975}",21:51 2026-06-10,3M 48S,21:54 2026-06-10
NEARUSDT,8025.100000000,Long,1.94102377,1.9546,103.32327129,2.80384381,2.82345490,0E-8,"{""USDT"":2.80384381}","{""USDT"":2.82345490}",21:13 2026-06-10,3M 23S,21:17 2026-06-10
HYPEUSDT,1104.790000000,Long,54.05158959,54.09536409,23.33906329,10.74881806,14.27374865,0E-8,"{""USDT"":10.74881806}","{""USDT"":14.27374865}",18:41 2026-06-10,44M 58S,19:26 2026-06-10
HYPEUSDT,802.320000000,Long,55.09076402,55.52344784,331.17624088,7.95607595,8.01856317,0E-8,"{""USDT"":7.95607595}","{""USDT"":8.01856317}",17:22 2026-06-10,36M 0S,17:58 2026-06-10
HYPEUSDT,1060.380000000,Long,56.22096043,56.12448786,-123.74077629,10.73080494,10.71239135,0E-8,"{""USDT"":10.73080494}","{""USDT"":10.71239135}",16:18 2026-06-10,44M 55S,17:02 2026-06-10
NEARUSDT,5781.700000000,Long,2.0738,2.081,37.30431467,2.15821614,2.16570919,0E-8,"{""USDT"":2.15821614}","{""USDT"":2.16570919}",15:48 2026-06-10,3M 0S,15:51 2026-06-10
HYPEUSDT,315.750000000,Long,56.958,57.307,103.70249865,3.23720793,3.25704342,0E-8,"{""USDT"":3.23720793}","{""USDT"":3.25704342}",15:48 2026-06-10,4M 44S,15:53 2026-06-10
HYPEUSDT,1071.130000000,Long,56.75524004,57.53199473,809.97029252,10.94260326,11.09236422,0E-8,"{""USDT"":10.94260326}","{""USDT"":11.09236422}",15:16 2026-06-10,12M 5S,15:28 2026-06-10
NEARUSDT,5718.100000000,Long,2.097,2.1082,59.71448424,2.15835404,2.16988172,0E-8,"{""USDT"":2.15835404}","{""USDT"":2.16988172}",14:37 2026-06-10,2M 45S,14:40 2026-06-10
NEARUSDT,5757.900000000,Long,2.1104,2.11459587,17.10188221,2.18726499,4.87025280,0E-8,"{""USDT"":2.18726499}","{""USDT"":4.87025280}",14:11 2026-06-10,5M 12S,14:16 2026-06-10
NEARUSDT,5616.600000000,Long,2.135,2.1501,80.47847531,2.15845938,2.17372531,0E-8,"{""USDT"":2.15845938}","{""USDT"":2.17372531}",13:53 2026-06-10,1M 29S,13:54 2026-06-10
HYPEUSDT,655.060000000,Long,54.90728842,55.34190976,271.15562401,6.47416234,7.07327365,0E-8,"{""USDT"":6.47416234}","{""USDT"":7.07327365}",12:08 2026-06-10,21M 28S,12:30 2026-06-10
VVVUSDT,1326.900000000,Long,13.555,13.55800387,-7.90269994,5.93542274,5.95311720,0E-8,"{""USDT"":5.93542274}","{""USDT"":5.95311720}",11:40 2026-06-10,4M 6S,11:44 2026-06-10
VVVUSDT,1268.980000000,Long,14.175,14.11496574,-95.74154547,5.93597127,13.62330420,0E-8,"{""USDT"":5.93597127}","{""USDT"":13.62330420}",08:55 2026-06-10,5M 19S,09:01 2026-06-10
NEARUSDT,84.500000000,Long,2.0544,2.0711,1.34840113,0.03124743,0.03150144,0E-8,"{""USDT"":0.03124743}","{""USDT"":0.03150144}",06:53 2026-06-10,0M 57S,06:54 2026-06-10
HYPEUSDT,741.570000000,Long,55.81023287,56.112,208.84177924,7.44969510,7.48997566,0E-8,"{""USDT"":7.44969510}","{""USDT"":7.48997566}",02:32 2026-06-10,40M 51S,03:13 2026-06-10
HYPEUSDT,1294.660000000,Long,56.81439708,56.98907675,199.63014475,13.23995909,13.28066616,0E-8,"{""USDT"":13.23995909}","{""USDT"":13.28066616}",00:41 2026-06-10,36M 18S,01:18 2026-06-10
HYPEUSDT,793.870000000,Long,58.30051037,58.139,-144.85705022,8.33094477,8.30786545,0E-8,"{""USDT"":8.33094477}","{""USDT"":8.30786545}",21:28 2026-06-09,43M 15S,22:12 2026-06-09
NEARUSDT,47397.400000000,Long,2.13691787,2.09872849,-1851.89176346,18.23118329,18.92577126,4.65757891,"{""USDT"":18.23118329}","{""USDT"":18.92577126}",20:20 2026-06-09,10H 18M,06:39 2026-06-10
HYPEUSDT,359.800000000,Long,57.938,58.701,266.97339179,3.75229664,3.80171157,0E-8,"{""USDT"":3.75229664}","{""USDT"":3.80171157}",19:47 2026-06-09,13M 10S,20:00 2026-06-09
NEARUSDT,14994.900000000,Long,2.1764843,2.1783,15.47230991,5.87450974,5.87941035,0E-8,"{""USDT"":5.87450974}","{""USDT"":5.87941035}",19:39 2026-06-09,10M 55S,19:50 2026-06-09
NEARUSDT,6880.300000000,Long,2.0387,2.0478,57.54978765,2.52483624,2.53610611,0E-8,"{""USDT"":2.52483624}","{""USDT"":2.53610611}",16:05 2026-06-09,2M 18S,16:08 2026-06-09
HYPEUSDT,813.860000000,Long,58.58693826,59.144,435.98552610,8.58268187,8.66428846,0.13777357,"{""USDT"":8.58268187}","{""USDT"":8.66428846}",15:39 2026-06-09,42M 32S,16:21 2026-06-09
NEARUSDT,15684.300000000,Long,2.08098555,2.08157516,-9.68656444,5.87498439,13.05922005,0E-8,"{""USDT"":5.87498439}","{""USDT"":13.05922005}",15:23 2026-06-09,28M 57S,15:52 2026-06-09
NEARUSDT,6010.600000000,Long,2.1465,2.1599,75.88291138,2.32231553,2.33681309,0E-8,"{""USDT"":2.32231553}","{""USDT"":2.33681309}",14:04 2026-06-09,3M 22S,14:08 2026-06-09
HYPEUSDT,1120.850000000,Long,60.73098881,59.98882251,-856.21268426,12.25265920,12.10292506,0E-8,"{""USDT"":12.25265920}","{""USDT"":12.10292506}",13:21 2026-06-09,1H 31M,14:52 2026-06-09
NEARUSDT,6551.100000000,Long,2.136,2.1521944,98.75195639,2.51876693,4.82040668,0E-8,"{""USDT"":2.51876693}","{""USDT"":4.82040668}",11:38 2026-06-09,5M 24S,11:44 2026-06-09
NEARUSDT,6552.300000000,Long,2.1355,2.1409,30.33877396,2.51863860,2.52500744,0E-8,"{""USDT"":2.5186386}","{""USDT"":2.52500744}",09:39 2026-06-09,12M 6S,09:51 2026-06-09
HYPEUSDT,815.940000000,Long,62.34135356,62.464,81.74207755,9.15602474,9.17403771,0E-8,"{""USDT"":9.15602474}","{""USDT"":9.17403771}",00:38 2026-06-09,50M 58S,01:29 2026-06-09
NEARUSDT,16550.300000000,Long,2.0670429,2.0706,46.54484833,6.15783242,6.16842925,0E-8,"{""USDT"":6.15783242}","{""USDT"":6.16842925}",00:33 2026-06-09,6M 50S,00:40 2026-06-09
MONUSDT,1061603.000000000,Long,0.020886,0.02084184,-58.09210705,3.99107525,7.22547680,0E-8,"{""USDT"":3.99107525}","{""USDT"":7.22547680}",23:21 2026-06-08,24M 53S,23:46 2026-06-08
HYPEUSDT,1548.010000000,Long,63.05042236,63.32996958,392.91230463,17.56848322,22.26111215,0E-8,"{""USDT"":17.56848322}","{""USDT"":22.26111215}",22:03 2026-06-08,59M 8S,23:02 2026-06-08
NEARUSDT,6527.400000000,Long,2.1442,2.1571,79.14972498,2.51928920,2.53444582,0E-8,"{""USDT"":2.5192892}","{""USDT"":2.53444582}",21:18 2026-06-08,3M 43S,21:22 2026-06-08
NEARUSDT,6491.200000000,Long,2.1563,2.169,77.38449026,2.51945543,2.53429431,0E-8,"{""USDT"":2.51945543}","{""USDT"":2.53429431}",21:07 2026-06-08,4M 51S,21:12 2026-06-08
VVVUSDT,1236.090000000,Long,16.983,16.96365626,-38.43263464,6.92753045,7.59450419,0E-8,"{""USDT"":6.92753045}","{""USDT"":7.59450419}",20:12 2026-06-08,9M 21S,20:22 2026-06-08
NEARUSDT,14967.900000000,Long,2.17568433,2.17750942,15.14210532,5.86177662,6.31391806,0E-8,"{""USDT"":5.86177662}","{""USDT"":6.31391806}",17:09 2026-06-08,10M 42S,17:20 2026-06-08
HYPEUSDT,329.660000000,Long,63.675,63.66048629,-16.95751466,3.77839810,8.39452656,0E-8,"{""USDT"":3.77839810}","{""USDT"":8.39452656}",16:55 2026-06-08,9M 55S,17:05 2026-06-08
VVVUSDT,349.480000000,Long,17.515,17.61862779,29.00083675,2.01997693,4.88655954,0.30846678,"{""USDT"":2.01997693}","{""USDT"":4.88655954}",15:57 2026-06-08,3M 49S,16:01 2026-06-08
NEARUSDT,15249.800000000,Long,2.14065629,2.1461,71.24849824,5.87602450,5.89096726,0E-8,"{""USDT"":5.87602450}","{""USDT"":5.89096726}",13:25 2026-06-08,7M 57S,13:33 2026-06-08
HYPEUSDT,1570.910000000,Long,61.67982541,61.63382555,-113.15176576,17.44082183,23.44929393,0E-8,"{""USDT"":17.44082183}","{""USDT"":23.44929393}",08:19 2026-06-08,56M 59S,09:16 2026-06-08
NEARUSDT,6519.700000000,Long,2.1463,2.1512,26.90321604,2.51878178,2.52453218,0E-8,"{""USDT"":2.51878178}","{""USDT"":2.52453218}",07:43 2026-06-08,6M 48S,07:50 2026-06-08
MONUSDT,996399.000000000,Long,0.021812,0.021831,11.10412946,3.91202194,3.91542960,0E-8,"{""USDT"":3.91202194}","{""USDT"":3.91542960}",02:36 2026-06-08,32M 22S,03:08 2026-06-08
HYPEUSDT,1161.810000000,Long,59.75889116,59.99448655,246.93681023,12.49712595,14.28314382,0E-8,"{""USDT"":12.49712595}","{""USDT"":14.28314382}",01:14 2026-06-08,42M 40S,01:56 2026-06-08
NEARUSDT,15965.500000000,Long,2.04495752,2.04568788,-0.09500594,5.87677854,5.87887740,0E-8,"{""USDT"":5.87677854}","{""USDT"":5.87887740}",01:04 2026-06-08,32M 49S,01:37 2026-06-08
MONUSDT,2254356.000000000,Long,0.02172796,0.02124597,-1112.37128140,8.81686033,16.96873007,0E-8,"{""USDT"":8.81686033}","{""USDT"":16.96873007}",18:34 2026-06-07,1H 47M,20:21 2026-06-07
NEARUSDT,15853.200000000,Long,2.05960022,2.0508,-151.24097954,5.87722584,5.85211370,0E-8,"{""USDT"":5.87722584}","{""USDT"":5.85211370}",16:40 2026-06-07,22M 13S,17:02 2026-06-07
HYPEUSDT,1197.580000000,Long,58.11565538,58.39725518,312.02759695,12.52766640,12.58836941,0.09465724,"{""USDT"":12.52766640}","{""USDT"":12.58836941}",15:48 2026-06-07,22M 27S,16:10 2026-06-07
HYPEUSDT,365.110000000,Long,57.349,57.74315143,132.42923066,3.76896485,7.71043449,0E-8,"{""USDT"":3.76896485}","{""USDT"":7.71043449}",12:13 2026-06-07,1H 14M,13:28 2026-06-07
NEARUSDT,17267.100000000,Long,1.89104542,1.89046992,-28.87194072,5.87751675,13.05717397,0E-8,"{""USDT"":5.87751675}","{""USDT"":13.05717397}",12:09 2026-06-07,54M 58S,13:04 2026-06-07
HYPEUSDT,358.040000000,Long,58.659,59.183,180.01837304,3.78040831,3.81417865,0E-8,"{""USDT"":3.78040831}","{""USDT"":3.81417865}",10:01 2026-06-07,21M 10S,10:22 2026-06-07
NEARUSDT,7396.100000000,Long,1.8936,1.899,34.88985919,2.52094590,2.52813491,0E-8,"{""USDT"":2.52094590}","{""USDT"":2.52813491}",10:01 2026-06-07,9M 13S,10:11 2026-06-07
NEARUSDT,17060.900000000,Long,1.91443077,1.91325749,-38.95322257,5.87914422,13.05675835,0E-8,"{""USDT"":5.87914422}","{""USDT"":13.05675835}",09:31 2026-06-07,26M 26S,09:57 2026-06-07
HYPEUSDT,827.530000000,Long,59.18544684,59.258,42.39712886,8.81599194,8.82679920,0E-8,"{""USDT"":8.81599194}","{""USDT"":8.82679920}",09:25 2026-06-07,26M 7S,09:51 2026-06-07
NEARUSDT,18632.300000000,Long,1.82293202,1.8252489,25.45122728,6.11377497,11.60376775,0E-8,"{""USDT"":6.11377497}","{""USDT"":11.60376775}",03:34 2026-06-07,4M 56S,03:39 2026-06-07
NEARUSDT,17880.800000000,Long,1.86760274,1.87511465,122.27280937,6.01096161,6.03513902,0E-8,"{""USDT"":6.01096161}","{""USDT"":6.03513902}",03:02 2026-06-07,11M 23S,03:14 2026-06-07
NEARUSDT,7547.100000000,Long,1.8791,1.88875583,65.01860147,2.55271610,5.30216243,0E-8,"{""USDT"":2.55271610}","{""USDT"":5.30216243}",02:53 2026-06-07,3M 55S,02:57 2026-06-07
NEARUSDT,17336.700000000,Long,1.9042881,1.9059,16.05501413,5.94253289,5.94756298,0E-8,"{""USDT"":5.94253289}","{""USDT"":5.94756298}",02:31 2026-06-07,16M 51S,02:48 2026-06-07
NEARUSDT,7301.200000000,Long,1.9168,1.9282,78.18051947,2.51908923,2.53407130,0E-8,"{""USDT"":2.51908923}","{""USDT"":2.5340713}",02:27 2026-06-07,2M 20S,02:30 2026-06-07
NEARUSDT,7357.200000000,Long,1.9021,1.913,75.14115831,2.51894343,2.53337826,0E-8,"{""USDT"":2.51894343}","{""USDT"":2.53337826}",01:32 2026-06-07,3M 0S,01:35 2026-06-07
HYPEUSDT,1252.490000000,Long,56.33811003,56.2347405,-154.84864666,12.70132557,12.67802109,0E-8,"{""USDT"":12.70132557}","{""USDT"":12.67802109}",18:47 2026-06-06,1H 25M,20:12 2026-06-06
NEARUSDT,5866.600000000,Long,1.8743,1.875,0.14740415,1.97923835,1.97997750,0E-8,"{""USDT"":1.97923835}","{""USDT"":1.97997750}",18:41 2026-06-06,14M 13S,18:55 2026-06-06
NEARUSDT,5883.700000000,Long,1.8688,1.8708,7.80691673,1.97918256,1.98130071,0E-8,"{""USDT"":1.97918256}","{""USDT"":1.98130071}",16:19 2026-06-06,6M 2S,16:25 2026-06-06
NEARUSDT,5931.800000000,Long,1.8536,1.8623,47.63910433,1.97913323,1.98842244,0E-8,"{""USDT"":1.97913323}","{""USDT"":1.98842244}",14:25 2026-06-06,3M 6S,14:28 2026-06-06
NEARUSDT,5430.500000000,Long,1.8547,1.8666,60.98541645,1.81295071,1.82458284,0E-8,"{""USDT"":1.81295071}","{""USDT"":1.82458284}",10:40 2026-06-06,2M 23S,10:42 2026-06-06
HYPEUSDT,924.290000000,Long,59.05863445,58.8321528,-228.94847978,9.82571501,9.78803477,0E-8,"{""USDT"":9.82571501}","{""USDT"":9.78803477}",09:48 2026-06-06,1H 5M,10:53 2026-06-06
HYPEUSDT,291.340000000,Long,57.587,57.856,72.31649043,3.01993141,3.03403816,0E-8,"{""USDT"":3.01993141}","{""USDT"":3.03403816}",05:02 2026-06-06,6M 18S,05:08 2026-06-06
NEARUSDT,11593.500000000,Long,1.83627816,1.8433,73.72902578,3.83200038,3.84665384,0E-8,"{""USDT"":3.83200038}","{""USDT"":3.84665384}",04:42 2026-06-06,3M 53S,04:46 2026-06-06
NEARUSDT,5697.800000000,Long,1.8678,1.8742,32.62810982,1.91562316,1.92218702,0E-8,"{""USDT"":1.91562316}","{""USDT"":1.92218702}",04:30 2026-06-06,5M 12S,04:36 2026-06-06
HYPEUSDT,1270.270000000,Long,57.93939424,58.10927886,189.26497318,13.24776148,13.28660534,0E-8,"{""USDT"":13.24776148}","{""USDT"":13.28660534}",04:07 2026-06-06,38M 42S,04:46 2026-06-06
NEARUSDT,13187.700000000,Long,1.91106076,1.9039,-103.48991048,4.53644931,4.51945117,0E-8,"{""USDT"":4.53644931}","{""USDT"":4.51945117}",04:04 2026-06-06,11M 55S,04:16 2026-06-06
VVVUSDT,923.770000000,Long,17.297,17.388,73.48955232,5.27288844,5.30062924,0E-8,"{""USDT"":5.27288844}","{""USDT"":5.30062924}",03:32 2026-06-06,2M 38S,03:35 2026-06-06
HYPEUSDT,600.110000000,Long,59.28690123,59.713,242.85178446,6.40415922,6.45018632,0E-8,"{""USDT"":6.40415922}","{""USDT"":6.45018632}",02:01 2026-06-06,33M 31S,02:34 2026-06-06
VVVUSDT,820.350000000,Long,18.278,18.394,85.23292113,4.94813794,4.97954093,0E-8,"{""USDT"":4.94813794}","{""USDT"":4.97954093}",00:35 2026-06-06,2M 39S,00:38 2026-06-06
NEARUSDT,5342.200000000,Long,1.9428,1.9455,10.68496626,1.86818872,1.87078502,0E-8,"{""USDT"":1.86818872}","{""USDT"":1.87078502}",23:30 2026-06-05,4M 44S,23:35 2026-06-05
MONUSDT,1349005.000000000,Long,0.02012864,0.020267,176.83313817,4.88765563,4.92125120,0E-8,"{""USDT"":4.88765563}","{""USDT"":4.92125120}",22:28 2026-06-05,3M 8S,22:31 2026-06-05
NEARUSDT,5065.900000000,Long,1.973,1.9765,14.12925102,1.79910373,1.80229525,0E-8,"{""USDT"":1.79910373}","{""USDT"":1.80229525}",22:04 2026-06-05,5M 37S,22:10 2026-06-05
NEARUSDT,5129.400000000,Long,1.9487,1.9531,18.96685920,1.79921914,1.80328166,0E-8,"{""USDT"":1.79921914}","{""USDT"":1.80328166}",20:03 2026-06-05,2M 52S,20:06 2026-06-05
NEARUSDT,5368.200000000,Long,1.8796,1.893,68.28850707,1.81621240,1.82916053,0E-8,"{""USDT"":1.81621240}","{""USDT"":1.82916053}",19:00 2026-06-05,2M 8S,19:02 2026-06-05
NEARUSDT,5273.200000000,Long,1.8946,1.9046,49.12589054,1.79830885,1.80780061,0E-8,"{""USDT"":1.79830885}","{""USDT"":1.80780061}",18:52 2026-06-05,3M 15S,18:55 2026-06-05
MONUSDT,1955906.000000000,Long,0.02036851,0.020396,39.40676834,7.17100207,7.18067859,0E-8,"{""USDT"":7.17100207}","{""USDT"":7.18067859}",17:53 2026-06-05,3M 44S,17:56 2026-06-05
MONUSDT,375785.000000000,Long,0.020496,0.020622,44.56763501,1.38637610,1.39489889,0E-8,"{""USDT"":1.38637610}","{""USDT"":1.39489889}",17:15 2026-06-05,3M 25S,17:18 2026-06-05
NEARUSDT,12001.500000000,Long,1.93994611,1.93901109,-24.72086450,4.19080746,9.30841704,0E-8,"{""USDT"":4.19080746}","{""USDT"":9.30841704}",17:11 2026-06-05,16M 30S,17:28 2026-06-05
HYPEUSDT,1147.340000000,Long,58.36691639,58.84749773,527.18292845,12.05400564,12.15325591,0E-8,"{""USDT"":12.05400564}","{""USDT"":12.15325591}",17:11 2026-06-05,30M 50S,17:42 2026-06-05
MONUSDT,720695.000000000,Long,0.020802,0.02074008,-53.04375828,2.69854156,5.71731572,0E-8,"{""USDT"":2.69854156}","{""USDT"":5.71731572}",17:02 2026-06-05,4M 20S,17:07 2026-06-05
HYPEUSDT,253.220000000,Long,59.194,59.611,100.17765560,2.69803886,2.71704554,0E-8,"{""USDT"":2.69803886}","{""USDT"":2.71704554}",17:01 2026-06-05,1M 33S,17:03 2026-06-05
NEARUSDT,12359.000000000,Long,1.8853754,1.8879,22.80739597,4.19424384,4.19986019,0E-8,"{""USDT"":4.19424384}","{""USDT"":4.19986019}",16:12 2026-06-05,2M 24S,16:14 2026-06-05
VVVUSDT,918.660000000,Long,15.336,15.31536798,-34.85873128,4.64922815,11.25569313,0E-8,"{""USDT"":4.64922815}","{""USDT"":11.25569313}",15:46 2026-06-05,3M 11S,15:49 2026-06-05
NEARUSDT,4928.800000000,Long,1.9101,1.9235,62.64481141,1.69461016,1.70649843,0E-8,"{""USDT"":1.69461016}","{""USDT"":1.70649843}",15:32 2026-06-05,2M 6S,15:34 2026-06-05
HYPEUSDT,2270.420000000,Long,58.90571354,58.5231898,-933.90850273,24.07332803,37.99975849,3.34586621,"{""USDT"":24.07332803}","{""USDT"":37.99975849}",15:11 2026-06-05,1H 1M,16:12 2026-06-05
MONUSDT,743344.000000000,Long,0.020331,0.02031575,-18.31035316,2.72032690,4.25670426,0E-8,"{""USDT"":2.72032690}","{""USDT"":4.25670426}",15:04 2026-06-05,9M 8S,15:13 2026-06-05
NEARUSDT,5077.400000000,Long,1.9683,1.9771,41.07529266,1.79889238,1.80693496,0E-8,"{""USDT"":1.79889238}","{""USDT"":1.80693496}",15:00 2026-06-05,2M 5S,15:03 2026-06-05
VVVUSDT,2143.190000000,Long,15.97945167,15.996,12.85149533,11.30151036,11.31321431,0E-8,"{""USDT"":11.30151036}","{""USDT"":11.31321431}",14:54 2026-06-05,5M 28S,14:59 2026-06-05
HYPEUSDT,568.910000000,Long,61.47615206,61.56036572,27.60567442,6.29539236,14.00892322,0E-8,"{""USDT"":6.29539236}","{""USDT"":14.00892322}",14:49 2026-06-05,8M 9S,14:57 2026-06-05
NEARUSDT,5016.300000000,Long,1.9925,2.0119,93.70051101,1.79909602,1.81661297,0E-8,"{""USDT"":1.79909602}","{""USDT"":1.81661297}",14:44 2026-06-05,1M 13S,14:45 2026-06-05
NEARUSDT,4916.800000000,Long,2.0326,2.03506703,7.04589808,1.79889979,3.28510213,0E-8,"{""USDT"":1.79889979}","{""USDT"":3.28510213}",14:23 2026-06-05,6M 30S,14:30 2026-06-05
HYPEUSDT,574.510000000,Long,60.86946539,61.856,554.08273869,6.29462100,6.39664031,0E-8,"{""USDT"":6.29462100}","{""USDT"":6.39664031}",13:57 2026-06-05,11M 16S,14:08 2026-06-05
HYPEUSDT,244.480000000,Long,61.292,61.451,33.47084234,2.69724036,2.70423730,0E-8,"{""USDT"":2.69724036}","{""USDT"":2.70423730}",12:31 2026-06-05,5M 19S,12:36 2026-06-05
MONUSDT,800698.000000000,Long,0.020594,0.020686,67.71470954,2.96812344,2.98138302,0E-8,"{""USDT"":2.96812344}","{""USDT"":2.98138302}",11:24 2026-06-05,11M 2S,11:35 2026-06-05
HYPEUSDT,268.560000000,Long,61.378,61.764,97.71137719,2.96706163,2.98572118,0E-8,"{""USDT"":2.96706163}","{""USDT"":2.98572118}",09:21 2026-06-05,3M 21S,09:25 2026-06-05
NEARUSDT,5398.000000000,Long,2.036,2.0403066,19.21389259,1.97825905,2.05489836,0E-8,"{""USDT"":1.97825905}","{""USDT"":2.05489836}",08:40 2026-06-05,5M 10S,08:45 2026-06-05
NEARUSDT,12631.700000000,Long,2.02974491,2.03429478,42.57889590,4.61504322,10.27864088,0E-8,"{""USDT"":4.61504322}","{""USDT"":10.27864088}",08:10 2026-06-05,5M 47S,08:16 2026-06-05
HYPEUSDT,1232.020000000,Long,59.4821885,59.97449308,580.03793618,13.19098427,13.30015955,0E-8,"{""USDT"":13.19098427}","{""USDT"":13.30015955}",07:05 2026-06-05,18M 11S,07:24 2026-06-05
NEARUSDT,12476.600000000,Long,2.05463027,2.0338,-269.07268774,4.61426407,4.56748367,0E-8,"{""USDT"":4.61426407}","{""USDT"":4.56748367}",07:01 2026-06-05,24M 20S,07:26 2026-06-05
MONUSDT,1777044.000000000,Long,0.01989816,0.02020901,532.15417591,6.36478445,13.86268764,0E-8,"{""USDT"":6.36478445}","{""USDT"":13.86268764}",06:23 2026-06-05,2M 5S,06:25 2026-06-05
VVVUSDT,1075.430000000,Long,15.232,15.294,55.84322978,5.40571348,5.42771674,0E-8,"{""USDT"":5.40571348}","{""USDT"":5.42771674}",05:53 2026-06-05,3M 8S,05:56 2026-06-05
HYPEUSDT,1227.440000000,Long,60.75219943,60.46748242,-384.19878778,13.42254237,21.30319541,0E-8,"{""USDT"":13.42254237}","{""USDT"":21.30319541}",05:51 2026-06-05,41M 9S,06:32 2026-06-05
HYPEUSDT,253.890000000,Long,61.416,62.362,234.52326060,2.80672352,2.84995588,0E-8,"{""USDT"":2.80672352}","{""USDT"":2.84995588}",04:48 2026-06-05,7M 16S,04:55 2026-06-05
NEARUSDT,4818.900000000,Long,2.1524,2.1589,27.58321972,1.86699609,1.87263419,0E-8,"{""USDT"":1.86699609}","{""USDT"":1.87263419}",04:46 2026-06-05,3M 20S,04:50 2026-06-05
HYPEUSDT,1487.110000000,Long,62.1545703,62.54631645,547.02273102,16.63752303,18.90935595,0E-8,"{""USDT"":16.63752303}","{""USDT"":18.90935595}",03:38 2026-06-05,27M 35S,04:06 2026-06-05
HYPEUSDT,719.650000000,Long,63.57270538,63.4743429,-87.24385355,8.23501755,8.22227600,0E-8,"{""USDT"":8.23501755}","{""USDT"":8.22227600}",02:52 2026-06-05,38M 32S,03:31 2026-06-05
NEARUSDT,10819.900000000,Long,2.15402905,2.13,-268.33537795,4.19514829,4.14834966,0E-8,"{""USDT"":4.19514829}","{""USDT"":4.14834966}",02:43 2026-06-05,35M 36S,03:18 2026-06-05
NEARUSDT,5373.200000000,Long,2.2584,2.2677,45.59322465,2.18427030,2.19326505,0E-8,"{""USDT"":2.18427030}","{""USDT"":2.19326505}",01:22 2026-06-05,3M 7S,01:25 2026-06-05
HYPEUSDT,857.370000000,Long,63.19542872,63.99533959,666.19066106,9.75273574,9.87618320,0E-8,"{""USDT"":9.75273574}","{""USDT"":9.87618320}",00:15 2026-06-05,10M 55S,00:26 2026-06-05
MONUSDT,758461.000000000,Long,0.021138,0.021222,57.92761039,2.88582283,2.89729078,0E-8,"{""USDT"":2.88582283}","{""USDT"":2.89729078}",00:14 2026-06-05,5M 27S,00:20 2026-06-05
NEARUSDT,10607.200000000,Long,2.18171438,2.1963,146.35361463,4.16553856,4.19338681,0E-8,"{""USDT"":4.16553856}","{""USDT"":4.19338681}",23:18 2026-06-04,4M 49S,23:23 2026-06-04
HYPEUSDT,466.160000000,Long,63.48156264,64.01257639,236.83948971,5.32666181,5.37121848,0E-8,"{""USDT"":5.32666181}","{""USDT"":5.37121848}",23:18 2026-06-04,13M 52S,23:32 2026-06-04
NEARUSDT,3971.300000000,Long,2.192,2.2077,59.20435484,1.56691613,1.57813903,0E-8,"{""USDT"":1.56691613}","{""USDT"":1.57813903}",22:43 2026-06-04,3M 27S,22:47 2026-06-04
HYPEUSDT,502.380000000,Long,63.77902564,64.449,324.98626474,5.76743526,5.82802000,0E-8,"{""USDT"":5.76743526}","{""USDT"":5.82802000}",22:34 2026-06-04,22M 1S,22:56 2026-06-04
MONUSDT,628339.000000000,Long,0.020763,0.020972,126.60257985,2.34831654,2.37195461,0E-8,"{""USDT"":2.34831654}","{""USDT"":2.37195461}",22:14 2026-06-04,2M 35S,22:16 2026-06-04
NEARUSDT,3901.700000000,Long,2.2194,2.235,57.73816815,1.55869794,1.56965391,0E-8,"{""USDT"":1.55869794}","{""USDT"":1.56965391}",22:10 2026-06-04,5M 2S,22:15 2026-06-04
HYPEUSDT,1096.070000000,Long,65.86289378,65.15802197,-802.59531429,12.99426161,17.01220268,0E-8,"{""USDT"":12.99426161}","{""USDT"":17.01220268}",21:21 2026-06-04,54M 39S,22:16 2026-06-04
MONUSDT,608466.000000000,Long,0.021685,0.021896,123.61316566,2.37502541,2.39813493,0E-8,"{""USDT"":2.37502541}","{""USDT"":2.39813493}",21:19 2026-06-04,3M 46S,21:23 2026-06-04
NEARUSDT,4406.000000000,Long,2.2673,2.2856,77.01898605,1.79815029,1.81266366,0E-8,"{""USDT"":1.79815029}","{""USDT"":1.81266366}",21:14 2026-06-04,3M 33S,21:17 2026-06-04
NEARUSDT,4324.900000000,Long,2.31,2.3209,43.53633769,1.79829342,1.80677889,0E-8,"{""USDT"":1.79829342}","{""USDT"":1.80677889}",20:06 2026-06-04,6M 36S,20:12 2026-06-04
HYPEUSDT,227.440000000,Long,65.777,66.68532329,197.85497887,2.69285776,6.04121337,0E-8,"{""USDT"":2.69285776}","{""USDT"":6.04121337}",19:16 2026-06-04,9M 17S,19:25 2026-06-04
NEARUSDT,4251.100000000,Long,2.3493,2.34850554,-7.27366695,1.79767969,2.09865726,0E-8,"{""USDT"":1.79767969}","{""USDT"":2.09865726}",19:05 2026-06-04,8M 54S,19:14 2026-06-04
MONUSDT,698900.000000000,Long,0.020697,0.020839,94.01848802,2.60372404,2.62158794,0E-8,"{""USDT"":2.60372404}","{""USDT"":2.62158794}",17:49 2026-06-04,1M 43S,17:51 2026-06-04
NEARUSDT,4044.800000000,Long,2.3928,2.4129,77.80162282,1.74211154,1.75674564,0E-8,"{""USDT"":1.74211154}","{""USDT"":1.75674564}",17:39 2026-06-04,1M 41S,17:40 2026-06-04
HYPEUSDT,743.840000000,Long,66.77037271,66.61975989,-129.89160503,8.93996539,8.91979964,0E-8,"{""USDT"":8.93996539}","{""USDT"":8.91979964}",17:34 2026-06-04,54M 56S,18:29 2026-06-04
HYPEUSDT,521.040000000,Long,67.10247944,67.125,-0.85470948,6.29335367,6.29546581,0E-8,"{""USDT"":6.29335367}","{""USDT"":6.29546581}",15:20 2026-06-04,5M 11S,15:26 2026-06-04
NEARUSDT,4262.600000000,Long,2.3436,2.3592,62.88825203,1.79816929,1.81013868,0E-8,"{""USDT"":1.79816929}","{""USDT"":1.81013868}",13:53 2026-06-04,4M 21S,13:58 2026-06-04
HYPEUSDT,225.890000000,Long,66.337,66.43181863,12.93559438,2.69727569,5.78570993,0E-8,"{""USDT"":2.69727569}","{""USDT"":5.78570993}",13:42 2026-06-04,4M 49S,13:47 2026-06-04
HYPEUSDT,526.600000000,Long,65.89488775,66.737,430.88439855,6.24604463,6.32586682,0E-8,"{""USDT"":6.24604463}","{""USDT"":6.32586682}",13:17 2026-06-04,20M 27S,13:38 2026-06-04
NEARUSDT,9837.200000000,Long,2.369427,2.3679276,-28.26291650,4.19553494,9.31751156,0E-8,"{""USDT"":4.19553494}","{""USDT"":9.31751156}",13:13 2026-06-04,14M 21S,13:27 2026-06-04
NEARUSDT,9619.100000000,Long,2.42339772,2.42771463,33.12539969,4.19596291,4.20343740,0E-8,"{""USDT"":4.19596291}","{""USDT"":4.20343740}",12:36 2026-06-04,12M 10S,12:48 2026-06-04
NEARUSDT,4224.300000000,Long,2.3985,2.4105,47.03496142,1.82375705,1.83288153,0E-8,"{""USDT"":1.82375705}","{""USDT"":1.83288153}",12:14 2026-06-04,2M 9S,12:16 2026-06-04
NEARUSDT,4147.000000000,Long,2.4098,2.4278,71.03492508,1.79881931,1.81225561,0E-8,"{""USDT"":1.79881931}","{""USDT"":1.81225561}",12:09 2026-06-04,3M 57S,12:13 2026-06-04
NEARUSDT,4208.600000000,Long,2.3668,2.3735,24.60661518,1.79296462,1.79804020,0E-8,"{""USDT"":1.79296462}","{""USDT"":1.79804020}",11:11 2026-06-04,4M 48S,11:16 2026-06-04
HYPEUSDT,220.810000000,Long,64.94,65.584,137.01385919,2.58109226,2.60668855,0E-8,"{""USDT"":2.58109226}","{""USDT"":2.60668855}",10:51 2026-06-04,32M 6S,11:23 2026-06-04
HYPEUSDT,1037.200000000,Long,66.35823267,66.18220568,-214.77407641,12.38881664,19.81005977,0E-8,"{""USDT"":12.38881664}","{""USDT"":19.81005977}",09:22 2026-06-04,1H 10M,10:33 2026-06-04
NEARUSDT,4525.900000000,Long,2.3275,2.3481,89.42450634,1.89612581,1.91290785,0E-8,"{""USDT"":1.89612581}","{""USDT"":1.91290785}",08:24 2026-06-04,3M 6S,08:27 2026-06-04
HYPEUSDT,747.500000000,Long,67.11069774,67.58120361,333.58034456,9.02974442,9.09305102,0E-8,"{""USDT"":9.02974442}","{""USDT"":9.09305102}",08:11 2026-06-04,13M 57S,08:25 2026-06-04
VVVUSDT,839.940000000,Long,17.839,17.897,38.81120832,4.94461763,4.96069405,0E-8,"{""USDT"":4.94461763}","{""USDT"":4.96069405}",08:11 2026-06-04,4M 8S,08:16 2026-06-04
NEARUSDT,8316.900000000,Long,2.43469778,2.43505867,-5.95352669,3.64484485,5.31014184,0E-8,"{""USDT"":3.64484485}","{""USDT"":5.31014184}",07:04 2026-06-04,10M 40S,07:15 2026-06-04
HYPEUSDT,1415.380000000,Long,70.65130962,69.65608919,-1455.30376066,17.99972129,25.38259794,3.30635143,"{""USDT"":17.99972129}","{""USDT"":25.38259794}",06:25 2026-06-04,1H 39M,08:04 2026-06-04
NEARUSDT,9339.800000000,Long,2.52309654,2.5347,99.87101447,4.24173911,4.26124642,0E-8,"{""USDT"":4.24173911}","{""USDT"":4.26124642}",05:50 2026-06-04,3M 21S,05:53 2026-06-04
NEARUSDT,8443.700000000,Long,2.58496726,2.5673,-157.00776591,3.92880386,3.90195205,0E-8,"{""USDT"":3.92880386}","{""USDT"":3.90195205}",05:05 2026-06-04,32M 22S,05:37 2026-06-04
HYPEUSDT,451.370000000,Long,72.8678618,73.244,157.90640793,5.92026607,5.95082600,0E-8,"{""USDT"":5.92026607}","{""USDT"":5.95082600}",04:57 2026-06-04,36M 8S,05:33 2026-06-04
NEARUSDT,3530.100000000,Long,2.665,2.66527546,-4.48447464,1.69338897,3.76347567,0E-8,"{""USDT"":1.69338897}","{""USDT"":3.76347567}",04:36 2026-06-04,10M 21S,04:47 2026-06-04
NEARUSDT,7787.900000000,Long,2.7508222,2.7662,112.02687686,3.85616310,3.87772004,0E-8,"{""USDT"":3.85616310}","{""USDT"":3.87772004}",03:30 2026-06-04,2M 9S,03:32 2026-06-04
NEARUSDT,3345.900000000,Long,2.718,2.7324,44.89839118,1.63694812,1.64562070,0E-8,"{""USDT"":1.63694812}","{""USDT"":1.64562070}",02:45 2026-06-04,2M 46S,02:48 2026-06-04
MONUSDT,1600825.000000000,Long,0.01868436,0.01863838,-90.92805954,5.38387030,11.93471324,0E-8,"{""USDT"":5.38387030}","{""USDT"":11.93471324}",02:02 2026-06-04,3M 27S,02:06 2026-06-04
NEARUSDT,8371.100000000,Long,2.71079407,2.71096794,-11.70664307,4.08461909,9.07751398,0E-8,"{""USDT"":4.08461909}","{""USDT"":9.07751398}",01:22 2026-06-04,9M 9S,01:32 2026-06-04
MONUSDT,759845.000000000,Long,0.019665,0.01979816,94.65867488,2.68962335,3.83338177,0E-8,"{""USDT"":2.68962335}","{""USDT"":3.83338177}",01:19 2026-06-04,1M 34S,01:20 2026-06-04
NEARUSDT,3702.700000000,Long,2.7608,2.7662,16.31091187,1.84003455,1.84363358,0E-8,"{""USDT"":1.84003455}","{""USDT"":1.84363358}",01:09 2026-06-04,7M 13S,01:16 2026-06-04
HYPEUSDT,483.150000000,Long,73.42614461,72.35,-532.61698402,6.38565157,6.29206245,0E-8,"{""USDT"":6.38565157}","{""USDT"":6.29206245}",00:41 2026-06-04,1H 35M,02:17 2026-06-04
NEARUSDT,3574.000000000,Long,2.7944,2.8166,75.73313141,1.79769347,1.81197512,0E-8,"{""USDT"":1.79769347}","{""USDT"":1.81197512}",23:03 2026-06-03,2M 14S,23:05 2026-06-03
NEARUSDT,3637.100000000,Long,2.7784,2.7959,59.99987840,1.81895737,1.83041423,0E-8,"{""USDT"":1.81895737}","{""USDT"":1.83041423}",20:51 2026-06-03,3M 11S,20:55 2026-06-03
MONUSDT,765163.000000000,Long,0.020011,0.020059,31.20900928,2.75610183,2.76271289,0E-8,"{""USDT"":2.75610183}","{""USDT"":2.76271289}",20:49 2026-06-03,6M 21S,20:55 2026-06-03
NEARUSDT,3577.800000000,Long,2.796,2.8088,42.18632636,1.80063519,1.80887845,0E-8,"{""USDT"":1.80063519}","{""USDT"":1.80887845}",20:43 2026-06-03,4M 25S,20:48 2026-06-03
HYPEUSDT,483.510000000,Long,72.28500403,72.877,273.60225946,6.29109403,6.34261651,0E-8,"{""USDT"":6.29109403}","{""USDT"":6.34261651}",20:37 2026-06-03,25M 57S,21:03 2026-06-03
NEARUSDT,8143.300000000,Long,2.86116368,2.86073055,-13.83580297,4.19387658,6.11482639,0E-8,"{""USDT"":4.19387658}","{""USDT"":6.11482639}",19:50 2026-06-03,6M 22S,19:56 2026-06-03
NEARUSDT,8712.400000000,Long,2.77980753,2.7915,93.13233721,4.35938315,4.37771964,0E-8,"{""USDT"":4.35938315}","{""USDT"":4.37771964}",17:52 2026-06-03,4M 43S,17:57 2026-06-03
NEARUSDT,3652.600000000,Long,2.7871,2.8157,100.78069828,1.83242907,1.85123265,0E-8,"{""USDT"":1.83242907}","{""USDT"":1.85123265}",16:49 2026-06-03,1M 58S,16:51 2026-06-03
NEARUSDT,3506.500000000,Long,2.8478,2.8765,97.02354356,1.79744593,1.81556051,0E-8,"{""USDT"":1.79744593}","{""USDT"":1.81556051}",16:14 2026-06-03,1M 9S,16:15 2026-06-03
NEARUSDT,3416.600000000,Long,2.9228,2.94493986,69.83295852,1.79748693,4.01260455,0E-8,"{""USDT"":1.79748693}","{""USDT"":4.01260455}",15:39 2026-06-03,1M 40S,15:41 2026-06-03
VVVUSDT,725.970000000,Long,20.634,20.721,53.25196846,4.94328949,4.96413205,0E-8,"{""USDT"":4.94328949}","{""USDT"":4.96413205}",13:06 2026-06-03,2M 12S,13:08 2026-06-03
NEARUSDT,3436.800000000,Long,2.906,2.9256,63.75371226,1.79772135,1.80984639,0E-8,"{""USDT"":1.79772135}","{""USDT"":1.80984639}",12:15 2026-06-03,3M 13S,12:19 2026-06-03
VVVUSDT,0.490000000,Long,20.298,20.584,0.13352937,0.00328219,0.00332844,0E-8,"{""USDT"":0.00328219}","{""USDT"":0.00332844}",11:46 2026-06-03,3M 37S,11:49 2026-06-03
HYPEUSDT,209.080000000,Long,71.643,72.11858896,90.97245204,2.69624132,5.76744664,0E-8,"{""USDT"":2.69624132}","{""USDT"":5.76744664}",09:59 2026-06-03,7M 18S,10:06 2026-06-03
NEARUSDT,3486.600000000,Long,2.8641,2.8732,28.12739934,1.79747480,1.80318586,0E-8,"{""USDT"":1.79747480}","{""USDT"":1.80318586}",08:53 2026-06-03,6M 53S,09:00 2026-06-03
NEARUSDT,3560.000000000,Long,2.8056,2.81834888,39.78151196,1.79782848,3.80666956,0E-8,"{""USDT"":1.79782848}","{""USDT"":3.80666956}",05:31 2026-06-03,3M 16S,05:34 2026-06-03
NEARUSDT,3516.100000000,Long,2.6884,2.68904622,-3.21127557,1.70148299,3.78198258,0E-8,"{""USDT"":1.70148299}","{""USDT"":3.78198258}",01:36 2026-06-03,13M 4S,01:49 2026-06-03
HYPEUSDT,963.300000000,Long,68.70384574,69.16877837,423.96331413,11.91283467,11.99345120,0E-8,"{""USDT"":11.91283467}","{""USDT"":11.99345120}",01:32 2026-06-03,32M 3S,02:04 2026-06-03
NEARUSDT,8004.400000000,Long,2.69625144,2.7111,111.06297127,3.88473751,3.90613122,0E-8,"{""USDT"":3.88473751}","{""USDT"":3.90613122}",01:00 2026-06-03,2M 51S,01:03 2026-06-03
NEARUSDT,3335.800000000,Long,2.7263,2.7508,78.43840814,1.63699049,1.65170137,0E-8,"{""USDT"":1.63699049}","{""USDT"":1.65170137}",00:50 2026-06-03,2M 36S,00:53 2026-06-03
MONUSDT,668566.000000000,Long,0.020191,0.02019345,-3.84415060,2.42982297,3.05252463,0E-8,"{""USDT"":2.42982297}","{""USDT"":3.05252463}",23:25 2026-06-02,7M 44S,23:33 2026-06-02
NEARUSDT,3562.100000000,Long,2.5486,2.5526,10.97762275,1.63410626,1.63667099,0E-8,"{""USDT"":1.63410626}","{""USDT"":1.63667099}",23:24 2026-06-02,3M 53S,23:28 2026-06-02
NEARUSDT,3517.000000000,Long,2.5703,2.5768,19.60207686,1.62715413,1.63126901,0E-8,"{""USDT"":1.62715413}","{""USDT"":1.63126901}",23:18 2026-06-02,3M 59S,23:22 2026-06-02
NEARUSDT,8589.700000000,Long,2.71249405,2.6583,-473.81468179,4.19391186,4.11011993,0E-8,"{""USDT"":4.19391186}","{""USDT"":4.11011993}",21:43 2026-06-02,22M 13S,22:06 2026-06-02
NEARUSDT,3682.000000000,Long,2.7122,2.723,36.16336684,1.79753768,1.80469548,0E-8,"{""USDT"":1.79753768}","{""USDT"":1.80469548}",21:12 2026-06-02,3M 22S,21:16 2026-06-02
NEARUSDT,8939.700000000,Long,2.6059526,2.60658514,-7.85945410,4.19335822,9.32083588,0E-8,"{""USDT"":4.19335822}","{""USDT"":9.32083588}",20:15 2026-06-02,15M 33S,20:31 2026-06-02
HYPEUSDT,918.710000000,Long,69.85550721,70.21563478,300.46018269,11.55185163,18.84076568,0E-8,"{""USDT"":11.55185163}","{""USDT"":18.84076568}",19:17 2026-06-02,33M 0S,19:50 2026-06-02
NEARUSDT,8993.300000000,Long,2.58960996,2.53429758,-505.73541081,4.19204508,4.10250573,0E-8,"{""USDT"":4.19204508}","{""USDT"":4.10250573}",18:19 2026-06-02,1H 24M,19:43 2026-06-02
NEARUSDT,9266.700000000,Long,2.62579533,2.62735304,3.48738723,4.37984238,6.56761039,0E-8,"{""USDT"":4.37984238}","{""USDT"":6.56761039}",14:40 2026-06-02,5M 11S,14:45 2026-06-02
HYPEUSDT,1184.850000000,Long,71.7695262,71.66742566,-159.29438707,15.30650228,23.01405479,0E-8,"{""USDT"":15.30650228}","{""USDT"":23.01405479}",14:31 2026-06-02,1H 8M,15:39 2026-06-02
NEARUSDT,3756.700000000,Long,2.6576,2.679,76.78473903,1.79708509,1.81155588,0E-8,"{""USDT"":1.79708509}","{""USDT"":1.81155588}",13:54 2026-06-02,2M 27S,13:56 2026-06-02
NEARUSDT,3713.100000000,Long,2.6891,2.7111,78.07893311,1.79728151,1.81198538,0E-8,"{""USDT"":1.79728151}","{""USDT"":1.81198538}",13:30 2026-06-02,1M 53S,13:32 2026-06-02
NEARUSDT,3756.300000000,Long,2.6583,2.65846536,-5.17061451,1.79736702,3.99439749,0E-8,"{""USDT"":1.79736702}","{""USDT"":3.99439749}",10:23 2026-06-02,4M 44S,10:27 2026-06-02
NEARUSDT,3840.800000000,Long,2.5999,2.6107,37.87832294,1.79742527,1.80489179,0E-8,"{""USDT"":1.79742527}","{""USDT"":1.80489179}",07:46 2026-06-02,2M 21S,07:49 2026-06-02
HYPEUSDT,210.320000000,Long,71.425,72.38,195.41148782,2.70397909,2.74013309,0E-8,"{""USDT"":2.70397909}","{""USDT"":2.74013309}",07:03 2026-06-02,11M 50S,07:15 2026-06-02
HYPEUSDT,206.790000000,Long,72.435,72.54305068,14.17536163,2.69619008,5.47224829,0E-8,"{""USDT"":2.69619008}","{""USDT"":5.47224829}",06:17 2026-06-02,13M 25S,06:31 2026-06-02
HYPEUSDT,190.880000000,Long,73.034,73.387,62.34984866,2.50933139,2.52145995,0E-8,"{""USDT"":2.50933139}","{""USDT"":2.52145995}",05:28 2026-06-02,4M 14S,05:32 2026-06-02
NEARUSDT,9060.600000000,Long,2.64388064,2.60560242,-356.37002933,4.79102901,4.75534032,0E-8,"{""USDT"":4.79102901}","{""USDT"":4.75534032}",04:55 2026-06-02,51M 19S,05:46 2026-06-02
NEARUSDT,3744.000000000,Long,2.7098,2.7273,61.44869951,2.02909824,2.04220225,0E-8,"{""USDT"":2.02909824}","{""USDT"":2.04220225}",04:10 2026-06-02,2M 5S,04:12 2026-06-02
NEARUSDT,3671.600000000,Long,2.7197,2.7426,80.06856367,1.99713029,2.01394604,0E-8,"{""USDT"":1.99713029}","{""USDT"":2.01394604}",03:59 2026-06-02,1M 50S,04:01 2026-06-02
NEARUSDT,3982.700000000,Long,2.5903,2.6056,56.79656778,2.06327759,2.07546463,0E-8,"{""USDT"":2.06327759}","{""USDT"":2.07546463}",01:38 2026-06-02,2M 53S,01:41 2026-06-02
NEARUSDT,3942.000000000,Long,2.6237,2.6407,62.86354703,2.06852509,2.08192788,0E-8,"{""USDT"":2.06852509}","{""USDT"":2.08192788}",01:29 2026-06-02,1M 42S,01:31 2026-06-02
HYPEUSDT,500.410000000,Long,73.0162888,73.513,233.89430568,7.30761624,7.35732808,0E-8,"{""USDT"":7.30761624}","{""USDT"":7.35732808}",01:11 2026-06-02,32M 5S,01:43 2026-06-02
HYPEUSDT,212.850000000,Long,73.752,73.74958647,-12.28702242,3.13962264,8.63367978,0E-8,"{""USDT"":3.13962264}","{""USDT"":8.63367978}",23:30 2026-06-01,7M 23S,23:37 2026-06-01
NEARUSDT,9298.800000000,Long,2.62953801,2.6298,-7.39850553,4.89030963,4.94436590,0E-8,"{""USDT"":4.89030963}","{""USDT"":4.94436590}",22:34 2026-06-01,7M 32S,22:42 2026-06-01
NEARUSDT,9396.000000000,Long,2.64418072,2.6363,-83.97031939,4.96894442,4.95413497,0E-8,"{""USDT"":4.96894442}","{""USDT"":4.95413497}",21:50 2026-06-01,14M 59S,22:05 2026-06-01
NEARUSDT,3811.700000000,Long,2.6363,2.6571,75.24798942,2.00975695,2.02561363,0E-8,"{""USDT"":2.00975695}","{""USDT"":2.02561363}",21:09 2026-06-01,3M 30S,21:13 2026-06-01
HYPEUSDT,485.420000000,Long,72.01057839,72.566,255.57668741,6.99107502,7.04499757,0E-8,"{""USDT"":6.99107502}","{""USDT"":7.04499757}",20:43 2026-06-01,48M 2S,21:31 2026-06-01
NEARUSDT,3996.100000000,Long,2.4993,2.514,54.73594037,1.99749055,2.00923908,0E-8,"{""USDT"":1.99749055}","{""USDT"":2.00923908}",18:12 2026-06-01,3M 3S,18:15 2026-06-01
NEARUSDT,9751.900000000,Long,2.3886697,2.38981963,-6.26272919,4.65881366,12.81790553,0E-8,"{""USDT"":4.65881366}","{""USDT"":12.81790553}",15:16 2026-06-01,9M 51S,15:26 2026-06-01
NEARUSDT,4167.300000000,Long,2.351,2.3644,51.91172271,1.95946446,1.97063283,0E-8,"{""USDT"":1.95946446}","{""USDT"":1.97063283}",14:10 2026-06-01,4M 17S,14:14 2026-06-01
HYPEUSDT,696.350000000,Long,71.17059499,71.33001828,91.16834956,9.91192879,9.93413165,0E-8,"{""USDT"":9.91192879}","{""USDT"":9.93413165}",13:58 2026-06-01,39M 12S,14:37 2026-06-01
NEARUSDT,4264.900000000,Long,2.3415,2.355,53.57012943,1.99725267,2.00876790,0E-8,"{""USDT"":1.99725267}","{""USDT"":2.0087679}",13:54 2026-06-01,2M 10S,13:56 2026-06-01
NEARUSDT,4310.600000000,Long,2.3174,2.3266,35.65383468,1.99787692,2.00580840,0E-8,"{""USDT"":1.99787692}","{""USDT"":2.00580840}",11:38 2026-06-01,4M 38S,11:43 2026-06-01
VVVUSDT,846.010000000,Long,17.711,17.78,46.36439363,5.99347325,6.01682312,0E-8,"{""USDT"":5.99347325}","{""USDT"":6.01682312}",11:15 2026-06-01,2M 7S,11:18 2026-06-01
HYPEUSDT,692.770000000,Long,71.7101677,72.12267109,265.84135482,9.93573059,9.99288459,0E-8,"{""USDT"":9.93573059}","{""USDT"":9.99288459}",09:42 2026-06-01,36M 29S,10:19 2026-06-01
VVVUSDT,791.100000000,Long,18.938,19.035,64.72052387,5.99274073,6.02343540,0E-8,"{""USDT"":5.99274073}","{""USDT"":6.02343540}",07:42 2026-06-01,2M 26S,07:44 2026-06-01
NEARUSDT,4313.900000000,Long,2.3155,2.334,75.79565439,1.99776709,2.01372852,0E-8,"{""USDT"":1.99776709}","{""USDT"":2.01372852}",05:37 2026-06-01,4M 44S,05:42 2026-06-01
NEARUSDT,3045.800000000,Long,2.3166,2.337,59.29953301,1.41118007,1.42360692,0E-8,"{""USDT"":1.41118007}","{""USDT"":1.42360692}",04:49 2026-06-01,1M 30S,04:50 2026-06-01
NEARUSDT,4368.400000000,Long,2.2872,2.2913,13.91029611,1.99828090,2.00186299,0E-8,"{""USDT"":1.9982809}","{""USDT"":2.00186299}",01:17 2026-06-01,5M 13S,01:22 2026-06-01
NEARUSDT,4318.700000000,Long,2.3045,2.3099,19.33533812,1.99048883,1.99515305,0E-8,"{""USDT"":1.99048883}","{""USDT"":1.99515305}",00:59 2026-06-01,14M 27S,01:14 2026-06-01
NEARUSDT,10102.200000000,Long,2.30651356,2.30650996,-17.51196642,4.66017231,12.81545411,0E-8,"{""USDT"":4.66017231}","{""USDT"":12.81545411}",23:21 2026-05-31,26M 22S,23:48 2026-05-31
NEARUSDT,4508.700000000,Long,2.215,2.2292,60.01602709,1.99735410,2.01015881,0E-8,"{""USDT"":1.9973541}","{""USDT"":2.01015881}",19:25 2026-05-31,3M 12S,19:29 2026-05-31
NEARUSDT,10324.000000000,Long,2.25684287,2.2644,68.68438770,4.65992916,4.67553314,0E-8,"{""USDT"":4.65992916}","{""USDT"":4.67553314}",16:33 2026-05-31,4M 7S,16:37 2026-05-31
NEARUSDT,4373.500000000,Long,2.3028,2.3165,54.86372063,2.01425916,2.02624255,1.01272766,"{""USDT"":2.01425916}","{""USDT"":2.02624255}",15:57 2026-05-31,5M 1S,16:02 2026-05-31
HYPEUSDT,221.440000000,Long,67.645,67.863,42.27254169,2.99586176,3.00551655,0E-8,"{""USDT"":2.99586176}","{""USDT"":3.00551655}",11:20 2026-05-31,7M 7S,11:27 2026-05-31
NEARUSDT,4449.400000000,Long,2.2567,2.2597,9.32914594,2.00819220,2.01086186,0E-8,"{""USDT"":2.0081922}","{""USDT"":2.01086186}",09:53 2026-05-31,19M 7S,10:12 2026-05-31
NEARUSDT,4408.400000000,Long,2.2652,2.2722,26.85826516,1.99718154,2.00335330,0E-8,"{""USDT"":1.99718154}","{""USDT"":2.0033533}",09:35 2026-05-31,3M 5S,09:38 2026-05-31
NEARUSDT,4408.000000000,Long,2.2654,2.2765,44.92466096,1.99717664,2.00696240,0E-8,"{""USDT"":1.99717664}","{""USDT"":2.0069624}",08:41 2026-05-31,4M 5S,08:45 2026-05-31
NEARUSDT,4340.800000000,Long,2.3006,2.30323433,4.35188191,1.99728892,5.08593917,0E-8,"{""USDT"":1.99728892}","{""USDT"":5.08593917}",07:25 2026-05-31,12M 15S,07:37 2026-05-31
VVVUSDT,841.620000000,Long,17.799,17.80998769,-7.13637087,5.99199777,10.39183310,0E-8,"{""USDT"":5.99199777}","{""USDT"":10.39183310}",07:11 2026-05-31,6M 19S,07:17 2026-05-31
HYPEUSDT,222.120000000,Long,68.078,68.618,113.87221688,3.02429708,3.04828604,0E-8,"{""USDT"":3.02429708}","{""USDT"":3.04828604}",02:29 2026-05-31,32M 55S,03:02 2026-05-31
NEARUSDT,4478.800000000,Long,2.2347,2.24409428,36.52570276,2.00175488,3.54762236,0E-8,"{""USDT"":2.00175488}","{""USDT"":3.54762236}",00:22 2026-05-31,5M 36S,00:27 2026-05-31
NEARUSDT,4422.400000000,Long,2.2579,2.2613,11.03901794,1.99706742,2.00007464,0E-8,"{""USDT"":1.99706742}","{""USDT"":2.00007464}",22:50 2026-05-30,2M 42S,22:53 2026-05-30
HYPEUSDT,1009.050000000,Long,66.94847931,67.12798712,158.96121284,13.51087262,13.54709912,-4.88683458,"{""USDT"":13.51087262}","{""USDT"":13.54709912}",15:39 2026-05-30,57M 59S,16:37 2026-05-30
NEARUSDT,9875.500000000,Long,2.3595567,2.3174,-427.86647808,4.66036047,4.57709687,2.31057074,"{""USDT"":4.66036047}","{""USDT"":4.57709687}",15:30 2026-05-30,4H 31M,20:02 2026-05-30
NEARUSDT,10490.200000000,Long,2.27994327,2.2756,-55.11952210,4.78341227,4.77429983,0E-8,"{""USDT"":4.78341227}","{""USDT"":4.77429983}",04:31 2026-05-30,7M 9S,04:38 2026-05-30
HYPEUSDT,779.750000000,Long,64.28833993,64.70272716,303.00228303,10.02576662,10.09039035,0E-8,"{""USDT"":10.02576662}","{""USDT"":10.09039035}",04:07 2026-05-30,44M 59S,04:52 2026-05-30
NEARUSDT,4280.000000000,Long,2.3334,2.3462,50.77826240,1.99739040,2.00834720,0E-8,"{""USDT"":1.9973904}","{""USDT"":2.0083472}",04:05 2026-05-30,5M 24S,04:10 2026-05-30
NEARUSDT,4438.900000000,Long,2.3702,2.3854,63.24935341,2.10421616,2.11771043,0E-8,"{""USDT"":2.10421616}","{""USDT"":2.11771043}",23:22 2026-05-29,4M 1S,23:26 2026-05-29
NEARUSDT,9984.400000000,Long,2.38384209,2.38305197,-25.73548631,4.76024661,13.08633970,0E-8,"{""USDT"":4.76024661}","{""USDT"":13.08633970}",21:54 2026-05-29,7M 20S,22:02 2026-05-29
NEARUSDT,4124.600000000,Long,2.4399,2.4452,17.83056329,2.01272232,2.01709439,0E-8,"{""USDT"":2.01272232}","{""USDT"":2.01709439}",21:34 2026-05-29,8M 23S,21:43 2026-05-29
HYPEUSDT,775.430000000,Long,64.38922794,64.88521669,356.75781520,9.98586781,17.86087699,0E-8,"{""USDT"":9.98586781}","{""USDT"":17.86087699}",21:27 2026-05-29,35M 13S,22:02 2026-05-29
NEARUSDT,9258.900000000,Long,2.51646894,2.4967,-192.32194602,4.65994688,4.62333914,0E-8,"{""USDT"":4.65994688}","{""USDT"":4.62333914}",20:44 2026-05-29,28M 9S,21:13 2026-05-29
NEARUSDT,3990.400000000,Long,2.5026,2.5237,80.18605047,1.99727501,2.01411452,0E-8,"{""USDT"":1.99727501}","{""USDT"":2.01411452}",20:19 2026-05-29,2M 3S,20:21 2026-05-29
MONUSDT,625837.000000000,Long,0.023531,0.02357004,17.31961451,2.94531414,4.16983635,0E-8,"{""USDT"":2.94531414}","{""USDT"":4.16983635}",18:47 2026-05-29,15M 4S,19:02 2026-05-29
NEARUSDT,9075.700000000,Long,2.56739701,2.56346426,-53.06206160,4.66018500,12.70947660,0E-8,"{""USDT"":4.66018500}","{""USDT"":12.70947660}",18:46 2026-05-29,19M 47S,19:05 2026-05-29
HYPEUSDT,225.430000000,Long,66.453,66.787,69.28636133,2.99609996,3.01115871,0E-8,"{""USDT"":2.99609996}","{""USDT"":3.01115871}",17:43 2026-05-29,2M 45S,17:46 2026-05-29
NEARUSDT,9110.300000000,Long,2.55729707,2.55714556,-12.25367663,4.65954871,6.21382792,0E-8,"{""USDT"":4.65954871}","{""USDT"":6.21382792}",16:17 2026-05-29,12M 42S,16:30 2026-05-29
NEARUSDT,4757.800000000,Long,2.55181431,2.5543,6.96762584,2.42820444,2.43056972,0E-8,"{""USDT"":2.42820444}","{""USDT"":2.43056972}",15:43 2026-05-29,6M 41S,15:49 2026-05-29
HYPEUSDT,236.160000000,Long,62.571,62.956,84.99270872,2.95535348,2.97353780,0E-8,"{""USDT"":2.95535348}","{""USDT"":2.9735378}",14:26 2026-05-29,2M 7S,14:28 2026-05-29
MONUSDT,644174.000000000,Long,0.02325,0.02323579,-16.19020100,2.99540910,4.04052490,0E-8,"{""USDT"":2.99540910}","{""USDT"":4.04052490}",14:18 2026-05-29,32M 8S,14:50 2026-05-29
NEARUSDT,9544.700000000,Long,2.44081283,2.4384,-32.34383458,4.65936525,4.65475933,0E-8,"{""USDT"":4.65936525}","{""USDT"":4.65475933}",12:05 2026-05-29,11M 10S,12:17 2026-05-29
NEARUSDT,4012.300000000,Long,2.489,2.4969,27.69618467,1.99732294,2.00366239,0E-8,"{""USDT"":1.99732294}","{""USDT"":2.00366239}",10:16 2026-05-29,4M 6S,10:20 2026-05-29
NEARUSDT,4033.700000000,Long,2.4868,2.4895,6.87640972,2.00620105,2.00837923,0E-8,"{""USDT"":2.00620105}","{""USDT"":2.00837923}",07:36 2026-05-29,10M 59S,07:47 2026-05-29
NEARUSDT,3966.800000000,Long,2.5177,2.5243,22.18075884,1.99744249,2.00267867,0E-8,"{""USDT"":1.99744249}","{""USDT"":2.00267867}",07:30 2026-05-29,3M 19S,07:34 2026-05-29
NEARUSDT,4055.700000000,Long,2.4847,2.4944,35.30154280,2.01543958,2.02330762,0E-8,"{""USDT"":2.01543958}","{""USDT"":2.02330762}",02:31 2026-05-29,3M 14S,02:34 2026-05-29
HYPEUSDT,820.700000000,Long,60.83479509,60.99847258,114.33240732,9.98542333,10.01228935,0E-8,"{""USDT"":9.98542333}","{""USDT"":10.01228935}",02:22 2026-05-29,44M 33S,03:06 2026-05-29
NEARUSDT,4009.500000000,Long,2.4906,2.5045,51.72647930,1.99721215,2.00835855,0E-8,"{""USDT"":1.99721215}","{""USDT"":2.00835855}",01:21 2026-05-29,2M 15S,01:24 2026-05-29
HYPEUSDT,607.310000000,Long,57.52292404,57.166,-230.69388611,6.98684941,6.94349670,0E-8,"{""USDT"":6.98684941}","{""USDT"":6.94349670}",14:22 2026-05-28,18M 57S,14:41 2026-05-28
VVVUSDT,1030.290000000,Long,14.637,14.723,76.50521419,6.03214194,6.06758387,0E-8,"{""USDT"":6.03214194}","{""USDT"":6.06758387}",13:47 2026-05-28,2M 8S,13:49 2026-05-28
NEARUSDT,4301.600000000,Long,2.3206,2.3339,53.20692055,1.99645860,2.00790085,0E-8,"{""USDT"":1.99645860}","{""USDT"":2.00790085}",13:44 2026-05-28,4M 59S,13:49 2026-05-28
VVVUSDT,2355.430000000,Long,14.8299588,14.91495872,147.66549828,13.97237201,38.57347971,0E-8,"{""USDT"":13.97237201}","{""USDT"":38.57347971}",13:38 2026-05-28,5M 5S,13:43 2026-05-28
NEARUSDT,9935.900000000,Long,2.34451404,2.34587126,-3.99330981,4.65897142,12.81958839,0E-8,"{""USDT"":4.65897142}","{""USDT"":12.81958839}",12:17 2026-05-28,7M 56S,12:25 2026-05-28
HYPEUSDT,615.010000000,Long,56.81078376,57.01,108.51979593,6.98784005,7.01234402,0E-8,"{""USDT"":6.98784005}","{""USDT"":7.01234402}",08:28 2026-05-28,56M 23S,09:25 2026-05-28
VVVUSDT,2436.780000000,Long,15.61921321,15.099,-1297.58655112,15.22423462,14.71717650,0E-8,"{""USDT"":15.22423462}","{""USDT"":14.71717650}",05:04 2026-05-28,53M 57S,05:58 2026-05-28
NEARUSDT,4554.400000000,Long,2.3819,2.3862,15.24075306,2.16962508,2.17354186,0E-8,"{""USDT"":2.16962508}","{""USDT"":2.17354186}",04:18 2026-05-28,10M 12S,04:29 2026-05-28
HYPEUSDT,1240.960000000,Long,57.12997433,57.44380036,361.00925560,14.17920262,14.25709178,0E-8,"{""USDT"":14.17920262}","{""USDT"":14.25709178}",03:44 2026-05-28,27M 27S,04:12 2026-05-28
VVVUSDT,460.490000000,Long,16.587,16.755,71.22085696,3.05525906,3.08620398,0E-8,"{""USDT"":3.05525906}","{""USDT"":3.08620398}",03:18 2026-05-28,2M 49S,03:21 2026-05-28
MONUSDT,504113.000000000,Long,0.022863,0.022943,35.71075989,2.30510715,2.31317296,0E-8,"{""USDT"":2.30510715}","{""USDT"":2.31317296}",01:41 2026-05-28,4M 31S,01:45 2026-05-28
HYPEUSDT,1138.810000000,Long,58.79538013,57.97275344,-969.66009967,13.39135340,24.74752439,-5.29427812,"{""USDT"":13.39135340}","{""USDT"":24.74752439}",22:42 2026-05-27,3H 40M,02:22 2026-05-28
NEARUSDT,3734.400000000,Long,2.5351,2.5509,55.20488829,1.89341550,1.90521621,0E-8,"{""USDT"":1.89341550}","{""USDT"":1.90521621}",22:08 2026-05-27,5M 45S,22:14 2026-05-27
MONUSDT,603173.000000000,Long,0.02338,0.02337261,-10.53539297,2.82043697,3.25869000,0E-8,"{""USDT"":2.82043697}","{""USDT"":3.25869000}",21:44 2026-05-27,14M 56S,21:59 2026-05-27
NEARUSDT,9073.300000000,Long,2.56719706,2.5408,-248.77767798,4.65858983,4.61068815,0E-8,"{""USDT"":4.65858983}","{""USDT"":4.61068815}",21:29 2026-05-27,21M 12S,21:50 2026-05-27
NEARUSDT,3960.900000000,Long,2.5144,2.5352,78.38652781,1.99185743,2.00833476,0E-8,"{""USDT"":1.99185743}","{""USDT"":2.00833476}",17:15 2026-05-27,1M 5S,17:16 2026-05-27
HYPEUSDT,842.720000000,Long,59.22644181,59.59100121,287.19553285,9.98226143,10.04370572,0E-8,"{""USDT"":9.98226143}","{""USDT"":10.04370572}",17:14 2026-05-27,46M 10S,18:00 2026-05-27
NEARUSDT,3294.800000000,Long,2.53,2.5451,46.40719209,1.66716880,1.67711911,0E-8,"{""USDT"":1.6671688}","{""USDT"":1.67711911}",15:00 2026-05-27,2M 59S,15:03 2026-05-27
NEARUSDT,3721.600000000,Long,2.5123,2.5172,14.49228251,1.86995518,1.87360231,0E-8,"{""USDT"":1.86995518}","{""USDT"":1.87360231}",13:36 2026-05-27,3M 8S,13:39 2026-05-27
HYPEUSDT,1347.250000000,Long,61.03031639,60.49596078,-757.25478729,16.44461883,20.89956846,0E-8,"{""USDT"":16.44461883}","{""USDT"":20.89956846}",12:55 2026-05-27,1H 56M,14:52 2026-05-27
NEARUSDT,3991.800000000,Long,2.5012,2.5157,53.87580767,1.99685806,2.00843427,0E-8,"{""USDT"":1.99685806}","{""USDT"":2.00843427}",12:18 2026-05-27,2M 38S,12:20 2026-05-27
NEARUSDT,4066.400000000,Long,2.4556,2.4681,46.82565325,1.99709038,2.00725637,0E-8,"{""USDT"":1.99709038}","{""USDT"":2.00725637}",10:00 2026-05-27,8M 8S,10:08 2026-05-27
NEARUSDT,4022.300000000,Long,2.4827,2.4969,53.11077097,1.99723285,2.00865618,0E-8,"{""USDT"":1.99723285}","{""USDT"":2.00865618}",09:27 2026-05-27,6M 44S,09:34 2026-05-27
NEARUSDT,9249.900000000,Long,2.51888145,2.5218,17.67115008,4.65988032,4.66527960,0E-8,"{""USDT"":4.65988032}","{""USDT"":4.66527960}",08:46 2026-05-27,9M 45S,08:55 2026-05-27
NEARUSDT,3964.500000000,Long,2.5188,2.52575578,20.46675959,1.99715654,5.11227387,0E-8,"{""USDT"":1.99715654}","{""USDT"":5.11227387}",05:43 2026-05-27,5M 1S,05:48 2026-05-27
NEARUSDT,4017.100000000,Long,2.4859,2.4939,28.13592901,1.99722181,2.00364918,0E-8,"{""USDT"":1.99722181}","{""USDT"":2.00364918}",03:49 2026-05-27,9M 48S,03:59 2026-05-27
NEARUSDT,9021.400000000,Long,2.55820955,2.55790754,-22.33247253,4.61572635,12.69174918,2.30045700,"{""USDT"":4.61572635}","{""USDT"":12.69174918}",23:51 2026-05-26,14M 54S,00:06 2026-05-27
HYPEUSDT,837.140000000,Long,59.64360321,59.62508869,-47.08418708,9.98600926,21.59893782,0E-8,"{""USDT"":9.98600926}","{""USDT"":21.59893782}",20:24 2026-05-26,1H 19M,21:43 2026-05-26
HYPEUSDT,820.750000000,Long,60.51637334,60.7282439,153.43216311,9.93376270,10.52683419,0E-8,"{""USDT"":9.93376270}","{""USDT"":10.52683419}",19:03 2026-05-26,42M 4S,19:45 2026-05-26
NEARUSDT,9338.400000000,Long,2.60858027,2.6139,39.92379800,4.87199322,4.88192878,0E-8,"{""USDT"":4.87199322}","{""USDT"":4.88192878}",18:36 2026-05-26,3M 48S,18:40 2026-05-26
NEARUSDT,9088.900000000,Long,2.64266562,2.6518,73.39729624,4.80378472,4.82038904,0E-8,"{""USDT"":4.80378472}","{""USDT"":4.82038904}",18:26 2026-05-26,3M 40S,18:30 2026-05-26
MONUSDT,603771.000000000,Long,0.025134,0.02511048,-25.48602659,3.03503609,8.24822450,0E-8,"{""USDT"":3.03503609}","{""USDT"":8.24822450}",17:26 2026-05-26,22M 59S,17:49 2026-05-26
HYPEUSDT,1153.130000000,Long,61.42169852,61.57487883,148.26025160,14.16544069,14.21112771,0E-8,"{""USDT"":14.16544069}","{""USDT"":14.21112771}",17:26 2026-05-26,1H 26M,18:53 2026-05-26
NEARUSDT,8695.000000000,Long,2.6918364,2.694,9.44653049,4.68110351,4.68486600,0E-8,"{""USDT"":4.68110351}","{""USDT"":4.68486600}",17:14 2026-05-26,11M 15S,17:25 2026-05-26
NEARUSDT,3795.900000000,Long,2.7139,2.72137182,22.96511278,2.06033861,3.33681861,0E-8,"{""USDT"":2.06033861}","{""USDT"":3.33681861}",16:22 2026-05-26,6M 3S,16:28 2026-05-26
HYPEUSDT,481.140000000,Long,62.06757545,62.57893349,236.07969843,5.97263867,6.02184562,-2.03937272,"{""USDT"":5.97263867}","{""USDT"":6.02184562}",15:52 2026-05-26,24M 25S,16:17 2026-05-26
NEARUSDT,3561.400000000,Long,2.8048,2.8322,93.56723758,1.99780298,2.01731944,0E-8,"{""USDT"":1.99780298}","{""USDT"":2.01731944}",15:03 2026-05-26,1M 31S,15:04 2026-05-26
VVVUSDT,1978.250000000,Long,17.82309993,17.79871088,-81.69399329,14.10341910,19.34294419,0E-8,"{""USDT"":14.10341910}","{""USDT"":19.34294419}",14:36 2026-05-26,8M 55S,14:45 2026-05-26
NEARUSDT,8238.400000000,Long,2.83800587,2.83850825,-6.93774213,4.67612553,6.40048660,0E-8,"{""USDT"":4.67612553}","{""USDT"":6.40048660}",14:34 2026-05-26,9M 0S,14:43 2026-05-26
NEARUSDT,3523.300000000,Long,2.8351,2.8409,16.43548978,1.99778157,2.00186865,0E-8,"{""USDT"":1.99778157}","{""USDT"":2.00186865}",13:57 2026-05-26,5M 10S,14:02 2026-05-26
NEARUSDT,3643.200000000,Long,2.7418,2.7546,42.62806308,1.99778516,2.00711176,0E-8,"{""USDT"":1.99778516}","{""USDT"":2.00711176}",13:02 2026-05-26,3M 18S,13:06 2026-05-26
HYPEUSDT,214.310000000,Long,60.608,60.83222771,39.89907291,2.59778010,5.55738699,0E-8,"{""USDT"":2.5977801}","{""USDT"":5.55738699}",12:08 2026-05-26,4M 22S,12:13 2026-05-26
NEARUSDT,7978.300000000,Long,2.920862,2.81198551,-882.35530026,4.66070268,9.04528758,0E-8,"{""USDT"":4.66070268}","{""USDT"":9.04528758}",11:51 2026-05-26,24M 20S,12:16 2026-05-26
VVVUSDT,876.430000000,Long,17.096,17.105,-4.10204300,5.99337894,5.99653406,0E-8,"{""USDT"":5.99337894}","{""USDT"":5.99653406}",09:46 2026-05-26,12M 1S,09:58 2026-05-26
HYPEUSDT,502.640000000,Long,59.62399968,59.92237156,132.80632224,5.99388144,11.17343632,0E-8,"{""USDT"":5.99388144}","{""USDT"":11.17343632}",07:11 2026-05-26,41M 40S,07:53 2026-05-26
HYPEUSDT,475.370000000,Long,59.07746164,59.60054671,227.76466655,5.61673060,15.27755285,0E-8,"{""USDT"":5.61673060}","{""USDT"":15.27755285}",01:34 2026-05-26,45M 10S,02:20 2026-05-26
NEARUSDT,8607.700000000,Long,2.68069363,2.69990076,149.27188638,4.61492132,11.44241230,0E-8,"{""USDT"":4.61492132}","{""USDT"":11.44241230}",01:04 2026-05-26,2M 24S,01:07 2026-05-26
NEARUSDT,8639.300000000,Long,2.7205217,2.72138636,-4.43177697,4.70068064,7.20110633,0E-8,"{""USDT"":4.70068064}","{""USDT"":7.20110633}",00:38 2026-05-26,13M 20S,00:52 2026-05-26
HYPEUSDT,1323.530000000,Long,60.18484797,60.34701173,182.72309344,15.93129046,15.97421610,0E-8,"{""USDT"":15.93129046}","{""USDT"":15.97421610}",00:25 2026-05-26,41M 17S,01:06 2026-05-26
NEARUSDT,3639.400000000,Long,2.7453,2.7644,65.50213955,1.99824897,2.01215148,0E-8,"{""USDT"":1.99824897}","{""USDT"":2.01215148}",00:01 2026-05-26,2M 9S,00:03 2026-05-26
NEARUSDT,3668.900000000,Long,2.7231,2.7258,5.90773613,1.99815632,2.00013755,0E-8,"{""USDT"":1.99815632}","{""USDT"":2.00013755}",19:35 2026-05-25,8M 31S,19:43 2026-05-25
HYPEUSDT,565.530000000,Long,61.82276383,62.094,139.37646049,6.99252553,7.02320398,0E-8,"{""USDT"":6.99252553}","{""USDT"":7.02320398}",16:11 2026-05-25,1H 37M,17:48 2026-05-25
NEARUSDT,4068.100000000,Long,2.5107,2.5254,55.70359830,2.04275575,2.05471595,0E-8,"{""USDT"":2.04275575}","{""USDT"":2.05471595}",13:35 2026-05-25,2M 49S,13:37 2026-05-25
HYPEUSDT,486.690000000,Long,62.39405502,62.87042064,219.64938645,6.07331253,6.11968102,0E-8,"{""USDT"":6.07331253}","{""USDT"":6.11968102}",13:00 2026-05-25,44M 56S,13:45 2026-05-25
NEARUSDT,4080.100000000,Long,2.4867,2.5002,51.01193983,2.02919695,2.04021322,0E-8,"{""USDT"":2.02919695}","{""USDT"":2.04021322}",12:59 2026-05-25,3M 35S,13:02 2026-05-25
NEARUSDT,3977.800000000,Long,2.5116,2.5322,77.93003445,1.99812851,2.01451704,0E-8,"{""USDT"":1.99812851}","{""USDT"":2.01451704}",12:23 2026-05-25,2M 16S,12:25 2026-05-25
VVVUSDT,1863.830000000,Long,18.75493452,18.71908476,-109.31237252,13.98240386,26.77898041,1.73313825,"{""USDT"":13.98240386}","{""USDT"":26.77898041}",03:54 2026-05-25,13M 7S,04:07 2026-05-25
NEARUSDT,9897.900000000,Long,2.33578395,2.34952114,118.57669871,4.62387122,12.76877007,0E-8,"{""USDT"":4.62387122}","{""USDT"":12.76877007}",02:41 2026-05-25,6M 43S,02:47 2026-05-25
HYPEUSDT,473.480000000,Long,60.98687505,61.27247271,119.93464025,5.77521314,9.51492661,0E-8,"{""USDT"":5.77521314}","{""USDT"":9.51492661}",01:59 2026-05-25,52M 48S,02:51 2026-05-25
NEARUSDT,4074.800000000,Long,2.3545,2.3687,54.01294092,1.91882332,1.93039576,0E-8,"{""USDT"":1.91882332}","{""USDT"":1.93039576}",01:58 2026-05-25,2M 45S,02:01 2026-05-25
NEARUSDT,3996.800000000,Long,2.3968,2.3995,6.95738963,1.91590605,1.91806432,0E-8,"{""USDT"":1.91590605}","{""USDT"":1.91806432}",22:38 2026-05-24,6M 31S,22:44 2026-05-24
NEARUSDT,9591.200000000,Long,2.42968273,2.4093,-204.77717024,4.66071460,4.62161564,0E-8,"{""USDT"":4.66071460}","{""USDT"":4.62161564}",21:28 2026-05-24,32M 37S,22:01 2026-05-24
NEARUSDT,5309.400000000,Long,2.42287491,2.44232249,98.08870414,2.57280241,2.59345345,0E-8,"{""USDT"":2.57280241}","{""USDT"":2.59345345}",15:17 2026-05-24,2M 36S,15:20 2026-05-24
NEARUSDT,4053.600000000,Long,2.4642,2.481,64.09130745,1.99777623,2.01139632,0E-8,"{""USDT"":1.99777623}","{""USDT"":2.01139632}",15:07 2026-05-24,2M 4S,15:09 2026-05-24
HYPEUSDT,565.640000000,Long,62.22719279,62.86444346,341.40121804,7.03963788,12.01361408,0E-8,"{""USDT"":7.03963788}","{""USDT"":12.01361408}",14:16 2026-05-24,22M 7S,14:38 2026-05-24
VVVUSDT,761.890000000,Long,19.815,19.77158641,-55.55810948,6.03874014,16.44298934,0E-8,"{""USDT"":6.03874014}","{""USDT"":16.44298934}",14:16 2026-05-24,9M 8S,14:25 2026-05-24
NEARUSDT,4194.000000000,Long,2.3824,2.4036,84.89830319,1.99835712,2.01613969,0E-8,"{""USDT"":1.99835712}","{""USDT"":2.01613969}",14:14 2026-05-24,9M 50S,14:23 2026-05-24
HYPEUSDT,229.910000000,Long,62.94,63.337,85.46780098,2.89410708,2.91236194,0E-8,"{""USDT"":2.89410708}","{""USDT"":2.91236194}",13:55 2026-05-24,5M 3S,14:00 2026-05-24
MONUSDT,585602.000000000,Long,0.025585,0.025441,-90.30287357,2.99652546,2.97966011,0E-8,"{""USDT"":2.99652546}","{""USDT"":2.97966011}",13:51 2026-05-24,9M 42S,14:01 2026-05-24
VVVUSDT,760.680000000,Long,19.696,19.69386766,-17.03313340,5.99294138,8.67049345,0.74766857,"{""USDT"":5.99294138}","{""USDT"":8.67049345}",11:57 2026-05-24,5M 55S,12:03 2026-05-24
NEARUSDT,4345.700000000,Long,2.3266,2.3432,68.07990999,2.02214115,2.03656886,0E-8,"{""USDT"":2.02214115}","{""USDT"":2.03656886}",06:03 2026-05-24,2M 22S,06:06 2026-05-24
NEARUSDT,4238.900000000,Long,2.3493,2.3661,67.21589816,1.99168957,2.00593227,0E-8,"{""USDT"":1.99168957}","{""USDT"":2.00593227}",04:10 2026-05-24,3M 49S,04:14 2026-05-24
HYPEUSDT,248.930000000,Long,59.833,59.953,23.90793418,2.97884576,2.98482006,0E-8,"{""USDT"":2.97884576}","{""USDT"":2.98482006}",04:10 2026-05-24,34M 49S,04:45 2026-05-24
NEARUSDT,9746.800000000,Long,2.38235466,2.3823417,-12.39877492,4.64406690,7.62833802,0E-8,"{""USDT"":4.64406690}","{""USDT"":7.62833802}",03:13 2026-05-24,32M 36S,03:45 2026-05-24
HYPEUSDT,579.420000000,Long,60.32931494,60.33171513,-17.30808821,6.99120234,11.70760587,0E-8,"{""USDT"":6.99120234}","{""USDT"":11.70760587}",01:42 2026-05-24,17M 9S,01:59 2026-05-24
NEARUSDT,4353.500000000,Long,2.381,2.39488057,53.63931755,2.07313670,4.71659575,0E-8,"{""USDT"":2.0731367}","{""USDT"":4.71659575}",21:48 2026-05-23,2M 26S,21:51 2026-05-23
HYPEUSDT,926.970000000,Long,57.73374199,57.97265878,200.01742744,10.70348945,10.74778311,0E-8,"{""USDT"":10.70348945}","{""USDT"":10.74778311}",21:48 2026-05-23,1H 0M,22:49 2026-05-23
NEARUSDT,4389.600000000,Long,2.4079,2.421,53.26437211,2.11394357,2.12544432,0E-8,"{""USDT"":2.11394357}","{""USDT"":2.12544432}",21:41 2026-05-23,3M 45S,21:45 2026-05-23
MONUSDT,615848.000000000,Long,0.025663,0.025699,15.84429098,3.16090146,3.16533556,0E-8,"{""USDT"":3.16090146}","{""USDT"":3.16533556}",21:31 2026-05-23,4M 27S,21:35 2026-05-23
VVVUSDT,22.120000000,Long,18.234,18.564,6.97401128,0.16133444,0.16425428,0E-8,"{""USDT"":0.16133444}","{""USDT"":0.16425428}",21:14 2026-05-23,1M 1S,21:15 2026-05-23
HYPEUSDT,264.370000000,Long,58.925,59.212,69.62781426,3.11560045,3.13077529,0E-8,"{""USDT"":3.11560045}","{""USDT"":3.13077529}",21:03 2026-05-23,13M 36S,21:17 2026-05-23
HYPEUSDT,261.870000000,Long,59.078,59.24,36.22615306,3.09415118,3.10263576,0E-8,"{""USDT"":3.09415118}","{""USDT"":3.10263576}",20:47 2026-05-23,7M 46S,20:54 2026-05-23
NEARUSDT,4315.100000000,Long,2.3679,2.38,48.11517734,2.04354506,2.05398760,0E-8,"{""USDT"":2.04354506}","{""USDT"":2.0539876}",19:01 2026-05-23,3M 8S,19:05 2026-05-23
NEARUSDT,9678.800000000,Long,2.40784007,2.4206,114.15412883,4.66100050,4.68570067,0E-8,"{""USDT"":4.66100050}","{""USDT"":4.68570067}",18:37 2026-05-23,2M 25S,18:40 2026-05-23
NEARUSDT,9984.400000000,Long,2.3491266,2.3574,73.20661112,4.69092396,4.70744492,0E-8,"{""USDT"":4.69092396}","{""USDT"":4.70744492}",17:37 2026-05-23,3M 46S,17:40 2026-05-23
NEARUSDT,1664.600000000,Long,2.3975,2.4176,31.85541690,0.79817570,0.80486740,0E-8,"{""USDT"":0.7981757}","{""USDT"":0.8048674}",17:23 2026-05-23,3M 44S,17:27 2026-05-23
NEARUSDT,10372.100000000,Long,2.24682786,2.2696,226.82592169,4.66086467,4.70810364,0E-8,"{""USDT"":4.66086467}","{""USDT"":4.70810364}",16:10 2026-05-23,2M 13S,16:13 2026-05-23
MONUSDT,615603.000000000,Long,0.024342,0.02429931,-37.50616287,2.99700165,8.22730022,0E-8,"{""USDT"":2.99700165}","{""USDT"":8.22730022}",10:49 2026-05-23,9M 52S,10:59 2026-05-23
MONUSDT,605210.000000000,Long,0.024746,0.024676,-48.34683793,2.99530536,2.98683257,0E-8,"{""USDT"":2.99530536}","{""USDT"":2.98683257}",08:06 2026-05-23,41M 52S,08:48 2026-05-23
MONUSDT,34714.000000000,Long,0.025776,0.025903,4.04988102,0.17895762,0.17983936,0E-8,"{""USDT"":0.17895762}","{""USDT"":0.17983936}",02:14 2026-05-23,25M 53S,02:40 2026-05-23
MONUSDT,603063.000000000,Long,0.025964,0.025812,-97.91041411,3.13158557,3.11325254,0E-8,"{""USDT"":3.13158557}","{""USDT"":3.11325254}",00:18 2026-05-23,50M 34S,01:09 2026-05-23
HYPEUSDT,666.950000000,Long,54.24668019,54.745,317.81599977,7.23596468,7.30243555,0E-8,"{""USDT"":7.23596468}","{""USDT"":7.30243555}",00:00 2026-05-23,48M 21S,00:48 2026-05-23
HYPEUSDT,274.260000000,Long,54.632,55.292,174.98204874,2.99667447,3.03287679,0E-8,"{""USDT"":2.99667447}","{""USDT"":3.03287679}",23:25 2026-05-22,24M 8S,23:49 2026-05-22
HYPEUSDT,637.000000000,Long,54.86953556,55.348,290.74013591,6.99037886,7.05133523,0E-8,"{""USDT"":6.99037886}","{""USDT"":7.05133523}",20:09 2026-05-22,40M 17S,20:49 2026-05-22
VVVUSDT,748.480000000,Long,17.883,17.955,43.16094950,5.35402714,5.37558336,0E-8,"{""USDT"":5.35402714}","{""USDT"":5.37558336}",18:46 2026-05-22,2M 36S,18:48 2026-05-22
HYPEUSDT,610.620000000,Long,57.24538597,56.006,-770.62457229,6.99103553,6.83967676,0E-8,"{""USDT"":6.99103553}","{""USDT"":6.83967676}",18:34 2026-05-22,1H 9M,19:44 2026-05-22
VVVUSDT,1767.950000000,Long,18.2238043,18.19929216,-72.95298490,12.88751002,16.04241241,0.68682247,"{""USDT"":12.88751002}","{""USDT"":16.04241241}",15:57 2026-05-22,10M 55S,16:08 2026-05-22
HYPEUSDT,564.030000000,Long,58.076668,57.721,-213.12596418,6.55139664,6.51127515,-0.54412761,"{""USDT"":6.55139664}","{""USDT"":6.51127515}",15:40 2026-05-22,50M 47S,16:31 2026-05-22
VVVUSDT,714.620000000,Long,18.611,18.774,105.79663251,5.31991713,5.36651036,0E-8,"{""USDT"":5.31991713}","{""USDT"":5.36651036}",15:23 2026-05-22,2M 1S,15:25 2026-05-22
HYPEUSDT,581.260000000,Long,60.13808989,59.439,-420.25406591,6.99117325,6.90990266,0E-8,"{""USDT"":6.99117325}","{""USDT"":6.90990266}",14:18 2026-05-22,1H 13M,15:32 2026-05-22
VVVUSDT,783.250000000,Long,19.455,19.579,84.89364778,6.09525150,6.13410072,0E-8,"{""USDT"":6.09525150}","{""USDT"":6.13410072}",12:58 2026-05-22,2M 28S,13:01 2026-05-22
VVVUSDT,449.620000000,Long,19.72,19.925,85.04202604,3.54660256,3.58347140,0E-8,"{""USDT"":3.54660256}","{""USDT"":3.5834714}",12:54 2026-05-22,0M 48S,12:55 2026-05-22
VVVUSDT,1840.940000000,Long,18.52108266,18.624,162.11189251,13.63848085,13.71426664,0E-8,"{""USDT"":13.63848085}","{""USDT"":13.71426664}",03:12 2026-05-22,3M 17S,03:15 2026-05-22
HYPEUSDT,608.710000000,Long,57.44181259,57.261,-124.02657984,6.99308116,6.97106868,0E-8,"{""USDT"":6.99308116}","{""USDT"":6.97106868}",00:26 2026-05-22,1H 23M,01:50 2026-05-22
HYPEUSDT,612.450000000,Long,57.0889573,57.94751621,505.12536293,6.99282639,13.70621068,0E-8,"{""USDT"":6.99282639}","{""USDT"":13.70621068}",20:51 2026-05-21,43M 6S,21:34 2026-05-21
HYPEUSDT,606.160000000,Long,57.68081282,58.14,264.29971122,6.99276030,7.04842848,0E-8,"{""USDT"":6.99276030}","{""USDT"":7.04842848}",19:12 2026-05-21,29M 5S,19:41 2026-05-21
HYPEUSDT,584.440000000,Long,59.81866214,59.357,-283.74402482,6.99208380,6.93812102,0E-8,"{""USDT"":6.99208380}","{""USDT"":6.93812102}",16:11 2026-05-21,54M 8S,17:05 2026-05-21
VVVUSDT,881.460000000,Long,17.001,17.052,32.94791703,5.99428059,6.01226238,0E-8,"{""USDT"":5.99428059}","{""USDT"":6.01226238}",12:07 2026-05-21,2M 32S,12:10 2026-05-21
HYPEUSDT,606.770000000,Long,57.6248125,58.284,385.90920195,6.99300151,7.07299654,0E-8,"{""USDT"":6.99300151}","{""USDT"":7.07299654}",09:54 2026-05-21,28M 30S,10:22 2026-05-21
HYPEUSDT,594.610000000,Long,55.43239116,56.173,427.10108364,6.59213083,6.68020553,0E-8,"{""USDT"":6.59213083}","{""USDT"":6.68020553}",02:05 2026-05-21,28M 45S,02:34 2026-05-21
VVVUSDT,2134.660000000,Long,16.37828286,16.257,-286.76377332,13.98482615,13.88126717,0E-8,"{""USDT"":13.98482615}","{""USDT"":13.88126717}",23:09 2026-05-20,19M 30S,23:29 2026-05-20
HYPEUSDT,737.790000000,Long,47.38656005,47.59616838,132.02558302,6.99226605,15.62908093,0E-8,"{""USDT"":6.99226605}","{""USDT"":15.62908093}",00:12 2026-05-20,33M 47S,00:46 2026-05-20
VVVUSDT,902.090000000,Long,16.941,17.103,133.85427919,6.11292270,6.17137811,0E-8,"{""USDT"":6.11292270}","{""USDT"":6.17137811}",19:55 2026-05-19,0M 57S,19:56 2026-05-19
VVVUSDT,774.460000000,Long,17.31,17.45,97.65630816,5.36236104,5.40573080,0E-8,"{""USDT"":5.36236104}","{""USDT"":5.4057308}",19:44 2026-05-19,1M 56S,19:46 2026-05-19
VVVUSDT,898.260000000,Long,16.686,16.795,85.88048277,5.99534655,6.03451068,0E-8,"{""USDT"":5.99534655}","{""USDT"":6.03451068}",18:22 2026-05-19,1M 34S,18:24 2026-05-19
MONUSDT,1338774.000000000,Long,0.02612269,0.026329,262.15506455,6.99447631,7.04971614,0E-8,"{""USDT"":6.99447631}","{""USDT"":7.04971614}",22:02 2026-05-18,2M 43S,22:05 2026-05-18
MONUSDT,581079.000000000,Long,0.025795,0.025821,9.10945915,2.99778659,3.00080826,0E-8,"{""USDT"":2.99778659}","{""USDT"":3.00080826}",18:50 2026-05-18,10M 51S,19:01 2026-05-18
HYPEUSDT,780.880000000,Long,44.48285524,44.796,230.58526548,6.94715441,6.99606011,0E-8,"{""USDT"":6.94715441}","{""USDT"":6.99606011}",14:58 2026-05-18,33M 58S,15:32 2026-05-18
VVVUSDT,1056.180000000,Long,14.191,14.17459437,-33.47851059,5.99530016,10.15591043,0E-8,"{""USDT"":5.99530016}","{""USDT"":10.15591043}",14:32 2026-05-18,6M 42S,14:39 2026-05-18
VVVUSDT,2457.940000000,Long,14.22790962,13.94981345,-721.65798000,13.98853928,24.12576072,0E-8,"{""USDT"":13.98853928}","{""USDT"":24.12576072}",09:30 2026-05-18,54M 33S,10:25 2026-05-18
MONUSDT,1176392.000000000,Long,0.02769589,0.027696,-12.90361742,6.51624484,6.51627058,0E-8,"{""USDT"":6.51624484}","{""USDT"":6.51627058}",23:40 2026-05-17,12M 24S,23:52 2026-05-17
HYPEUSDT,763.250000000,Long,45.82799391,45.54805131,-230.09713480,6.99564329,9.43530151,0E-8,"{""USDT"":6.99564329}","{""USDT"":9.43530151}",22:52 2026-05-17,1H 5M,23:57 2026-05-17
VVVUSDT,1267.180000000,Long,12.48,12.56132822,85.09875710,6.32576256,11.63298034,0E-8,"{""USDT"":6.32576256}","{""USDT"":11.63298034}",10:53 2026-05-16,3M 29S,10:57 2026-05-16
VVVUSDT,1258.030000000,Long,12.673,12.804,151.98159786,6.37720568,6.44312646,0E-8,"{""USDT"":6.37720568}","{""USDT"":6.44312646}",10:13 2026-05-16,0M 12S,10:13 2026-05-16
HYPEUSDT,897.660000000,Long,40.55443994,40.875,273.13474978,7.28081972,7.33837050,0E-8,"{""USDT"":7.28081972}","{""USDT"":7.33837050}",10:03 2026-05-16,29M 29S,10:32 2026-05-16
HYPEUSDT,851.560000000,Long,41.07429492,41.33,203.71377971,6.99544533,7.03899496,0E-8,"{""USDT"":6.99544533}","{""USDT"":7.03899496}",09:13 2026-05-16,40M 51S,09:54 2026-05-16
HYPEUSDT,361.970000000,Long,41.423,41.84057148,142.84714387,2.99877667,5.30242946,0E-8,"{""USDT"":2.99877667}","{""USDT"":5.30242946}",06:59 2026-05-16,17M 22S,07:16 2026-05-16
HYPEUSDT,806.530000000,Long,43.37014425,43.611,180.22680944,6.99586451,7.03471605,0E-8,"{""USDT"":6.99586451}","{""USDT"":7.03471605}",01:28 2026-05-16,31M 29S,02:00 2026-05-16
VVVUSDT,1128.670000000,Long,13.266,13.392,130.17718604,5.98917449,6.04605947,0E-8,"{""USDT"":5.98917449}","{""USDT"":6.04605947}",14:02 2026-05-15,1M 37S,14:04 2026-05-15
MONUSDT,538800.000000000,Long,0.027075,0.027323,127.76047151,2.91760200,2.94432649,0E-8,"{""USDT"":2.91760200}","{""USDT"":2.94432649}",14:00 2026-05-15,1M 27S,14:02 2026-05-15
VVVUSDT,910.850000000,Long,13.535,13.607,55.69228371,4.93134190,4.95757439,0E-8,"{""USDT"":4.93134190}","{""USDT"":4.95757439}",13:24 2026-05-15,2M 25S,13:27 2026-05-15
HYPEUSDT,636.390000000,Long,43.24971664,43.44891857,114.03671315,5.50473746,7.22866939,0E-8,"{""USDT"":5.50473746}","{""USDT"":7.22866939}",13:00 2026-05-15,47M 13S,13:47 2026-05-15
HYPEUSDT,1043.000000000,Long,44.74052821,43.734,-1068.26470660,9.33287419,9.12291241,0E-8,"{""USDT"":9.33287419}","{""USDT"":9.12291241}",12:44 2026-05-15,9M 12S,12:54 2026-05-15
MONUSDT,532167.000000000,Long,0.028185,0.02813743,-33.39482357,2.99982540,5.08120217,0E-8,"{""USDT"":2.99982540}","{""USDT"":5.08120217}",11:36 2026-05-15,26M 28S,12:03 2026-05-15
HYPEUSDT,769.770000000,Long,45.45613878,45.61196159,99.49918948,6.99815440,13.45037612,0E-8,"{""USDT"":6.99815440}","{""USDT"":13.45037612}",08:32 2026-05-15,1H 4M,09:36 2026-05-15
HYPEUSDT,1204.170000000,Long,45.66226234,45.75474825,89.35243563,10.99702531,11.01929906,0E-8,"{""USDT"":10.99702531}","{""USDT"":11.01929906}",05:14 2026-05-15,48M 51S,06:03 2026-05-15
HYPEUSDT,1853.430000000,Long,43.85255184,44.03438384,294.06076634,16.25552707,26.69659659,0E-8,"{""USDT"":16.25552707}","{""USDT"":26.69659659}",20:03 2026-05-14,38M 6S,20:41 2026-05-14
VVVUSDT,234.860000000,Long,14.623,14.772,32.23265611,1.37374312,1.38774077,0E-8,"{""USDT"":1.37374312}","{""USDT"":1.38774077}",15:57 2026-05-14,0M 46S,15:58 2026-05-14
VVVUSDT,1094.430000000,Long,13.699,13.809,108.34506782,5.99703863,6.04519355,0E-8,"{""USDT"":5.99703863}","{""USDT"":6.04519355}",08:04 2026-05-14,1M 58S,08:06 2026-05-14
VVVUSDT,2714.060000000,Long,13.26922631,13.277,-7.72097045,14.40539058,14.41382987,0E-8,"{""USDT"":14.40539058}","{""USDT"":14.41382987}",03:26 2026-05-14,6M 54S,03:33 2026-05-14
HYPEUSDT,529.950000000,Long,38.373,38.57660651,96.73935246,4.06715427,7.09476327,0E-8,"{""USDT"":4.06715427}","{""USDT"":7.09476327}",03:20 2026-05-14,8M 35S,03:29 2026-05-14
VVVUSDT,1139.680000000,Long,13.207,13.276,66.56506178,6.02070154,6.05215668,0E-8,"{""USDT"":6.02070154}","{""USDT"":6.05215668}",02:08 2026-05-14,2M 54S,02:11 2026-05-14
VVVUSDT,1124.800000000,Long,13.424,13.42716355,-15.79710340,6.03972608,13.31573732,0E-8,"{""USDT"":6.03972608}","{""USDT"":13.31573732}",00:39 2026-05-14,4M 20S,00:43 2026-05-14
VVVUSDT,1057.170000000,Long,14.073,14.154,73.69447495,5.95102137,5.98527368,0E-8,"{""USDT"":5.95102137}","{""USDT"":5.98527368}",00:06 2026-05-14,1M 44S,00:08 2026-05-14
VVVUSDT,2406.470000000,Long,14.5347655,14.517,-70.71703089,13.99099087,13.97389002,0E-8,"{""USDT"":13.99099087}","{""USDT"":13.97389002}",21:21 2026-05-13,41M 22S,22:02 2026-05-13
MONUSDT,508874.000000000,Long,0.02933,0.02945986,55.05773402,2.98505499,8.04072999,0E-8,"{""USDT"":2.98505499}","{""USDT"":8.04072999}",15:34 2026-05-13,9M 0S,15:43 2026-05-13
VVVUSDT,1062.350000000,Long,13.994,14.023,18.90260602,5.94661036,5.95893362,0E-8,"{""USDT"":5.94661036}","{""USDT"":5.95893362}",15:27 2026-05-13,5M 13S,15:32 2026-05-13
VVVUSDT,1013.110000000,Long,14.702,14.705,-8.87768033,5.95789731,5.95911302,0E-8,"{""USDT"":5.95789731}","{""USDT"":5.95911302}",12:32 2026-05-13,13M 38S,12:46 2026-05-13
HYPEUSDT,879.590000000,Long,39.54885492,39.5674134,-4.55495989,6.95735547,13.92145442,0E-8,"{""USDT"":6.95735547}","{""USDT"":13.92145442}",10:05 2026-05-13,55M 59S,11:01 2026-05-13
VVVUSDT,2235.080000000,Long,15.65445229,15.398,-600.95326606,13.99558131,13.76630475,0E-8,"{""USDT"":13.99558131}","{""USDT"":13.76630475}",02:08 2026-05-13,26M 22S,02:35 2026-05-13
HYPEUSDT,501.250000000,Long,39.886,39.978,38.10863399,3.99857150,4.00779451,0E-8,"{""USDT"":3.9985715}","{""USDT"":4.00779451}",16:48 2026-05-12,19M 0S,17:07 2026-05-12
VVVUSDT,915.570000000,Long,16.377,16.55594973,141.51591354,5.99771596,16.32737050,0E-8,"{""USDT"":5.99771596}","{""USDT"":16.32737050}",15:48 2026-05-12,0M 18S,15:48 2026-05-12
MONUSDT,486279.000000000,Long,0.03084,0.03093875,41.36455009,2.99936888,3.65379303,0E-8,"{""USDT"":2.99936888}","{""USDT"":3.65379303}",13:51 2026-05-12,10M 22S,14:02 2026-05-12
VVVUSDT,2071.310000000,Long,16.6167132,16.60633284,-50.33162273,13.76734573,15.06334700,0E-8,"{""USDT"":13.76734573}","{""USDT"":15.06334700}",08:11 2026-05-12,5M 7S,08:16 2026-05-12
VVVUSDT,2004.070000000,Long,17.475548,17.44977129,-86.31914860,14.00888861,20.65192999,0E-8,"{""USDT"":14.00888861}","{""USDT"":20.65192999}",07:28 2026-05-12,5M 29S,07:33 2026-05-12
VVVUSDT,841.440000000,Long,17.822,17.843,5.66625690,5.99845748,6.00552562,0E-8,"{""USDT"":5.99845748}","{""USDT"":6.00552562}",05:40 2026-05-12,4M 50S,05:45 2026-05-12
VVVUSDT,851.610000000,Long,17.609,17.701,66.31998031,5.99840020,6.02973949,0E-8,"{""USDT"":5.99840020}","{""USDT"":6.02973949}",03:48 2026-05-12,4M 6S,03:52 2026-05-12
HYPEUSDT,506.230000000,Long,40.83,40.978,66.63930723,4.13387418,4.14885859,0E-8,"{""USDT"":4.13387418}","{""USDT"":4.14885859}",14:28 2026-05-11,8M 2S,14:36 2026-05-11
VVVUSDT,878.420000000,Long,17.071,17.277,168.88573193,5.99820313,6.07058494,0E-8,"{""USDT"":5.99820313}","{""USDT"":6.07058494}",13:20 2026-05-11,6M 8S,13:26 2026-05-11
VVVUSDT,852.670000000,Long,17.588,17.685,70.67849836,5.99870406,6.03178758,0E-8,"{""USDT"":5.99870406}","{""USDT"":6.03178758}",08:40 2026-05-11,3M 4S,08:44 2026-05-11
TONUSDT,14560.100000000,Long,2.36394767,2.3154707,-721.89870714,6.88386289,9.18541425,0E-8,"{""USDT"":6.88386289}","{""USDT"":9.18541425}",03:23 2026-05-11,15M 32S,03:38 2026-05-11
VVVUSDT,982.730000000,Long,15.065,15.06,-16.75554650,5.92193098,5.91996552,0E-8,"{""USDT"":5.92193098}","{""USDT"":5.91996552}",00:52 2026-05-11,15M 46S,01:08 2026-05-11
TONUSDT,6236.100000000,Long,2.3446,2.34541555,-0.97621361,2.92423202,3.13781159,0E-8,"{""USDT"":2.92423202}","{""USDT"":3.13781159}",20:44 2026-05-10,6M 0S,20:50 2026-05-10
HYPEUSDT,1875.440000000,Long,42.71243849,42.4253132,-572.73539198,16.02092323,18.22821875,0E-8,"{""USDT"":16.02092323}","{""USDT"":18.22821875}",20:16 2026-05-10,1H 45M,22:02 2026-05-10
TONUSDT,6268.400000000,Long,2.3929,2.39345808,-7.75341513,2.99993094,8.25173419,0E-8,"{""USDT"":2.99993094}","{""USDT"":8.25173419}",20:15 2026-05-10,5M 45S,20:21 2026-05-10
TONUSDT,6280.500000000,Long,2.4116,2.4235,68.66458089,3.02921076,3.04415835,0E-8,"{""USDT"":3.02921076}","{""USDT"":3.04415835}",14:46 2026-05-10,5M 50S,14:52 2026-05-10
TONUSDT,6413.200000000,Long,2.3638,2.36411344,-4.68726439,3.03190444,3.66548995,0E-8,"{""USDT"":3.03190444}","{""USDT"":3.66548995}",14:10 2026-05-10,12M 0S,14:22 2026-05-10
TONUSDT,6287.200000000,Long,2.3859,2.3953,53.08760785,3.00012610,3.01194605,0E-8,"{""USDT"":3.0001261}","{""USDT"":3.01194605}",13:22 2026-05-10,8M 42S,13:31 2026-05-10
TONUSDT,6225.600000000,Long,2.4095,2.4241,84.87534795,3.00011664,3.01829541,0E-8,"{""USDT"":3.00011664}","{""USDT"":3.01829541}",09:35 2026-05-10,7M 9S,09:42 2026-05-10
VVVUSDT,986.550000000,Long,15.204,15.293,75.76822379,5.99980254,6.03492367,0E-8,"{""USDT"":5.99980254}","{""USDT"":6.03492367}",01:32 2026-05-10,2M 23S,01:35 2026-05-10
VVVUSDT,0.900000000,Long,16.14,16.306,0.13771944,0.00581040,0.00587016,0E-8,"{""USDT"":0.0058104}","{""USDT"":0.00587016}",23:42 2026-05-09,0M 17S,23:43 2026-05-09
VVVUSDT,917.120000000,Long,15.839,15.994,130.47572756,5.81050549,5.86736695,0E-8,"{""USDT"":5.81050549}","{""USDT"":5.86736695}",16:44 2026-05-09,0M 43S,16:45 2026-05-09
MONUSDT,445609.000000000,Long,0.033663,0.033727,22.51305788,3.00010717,3.00581095,0E-8,"{""USDT"":3.00010717}","{""USDT"":3.00581095}",13:39 2026-05-09,16M 21S,13:55 2026-05-09
VVVUSDT,1000.980000000,Long,14.985,15.032,35.02749333,5.99987412,6.01869255,0E-8,"{""USDT"":5.99987412}","{""USDT"":6.01869255}",06:36 2026-05-09,2M 59S,06:39 2026-05-09
VVVUSDT,987.550000000,Long,15.429,15.505,62.83425128,6.09476362,6.12478510,0E-8,"{""USDT"":6.09476362}","{""USDT"":6.12478510}",05:13 2026-05-09,1M 51S,05:15 2026-05-09
VVVUSDT,974.840000000,Long,15.576,15.606,17.08621563,6.07364315,6.08534122,0E-8,"{""USDT"":6.07364315}","{""USDT"":6.08534122}",05:00 2026-05-09,3M 51S,05:04 2026-05-09
VVVUSDT,947.040000000,Long,15.838,15.916,61.84019670,5.99968782,6.02923548,0E-8,"{""USDT"":5.99968782}","{""USDT"":6.02923548}",04:47 2026-05-09,2M 19S,04:49 2026-05-09
MONUSDT,15649.000000000,Long,0.032966,0.033231,3.93980162,0.10317699,0.10400639,0E-8,"{""USDT"":0.10317699}","{""USDT"":0.10400639}",20:10 2026-05-08,4M 37S,20:14 2026-05-08
VVVUSDT,92.680000000,Long,13.324,13.484,13.83497380,0.49394734,0.49987886,0E-8,"{""USDT"":0.49394734}","{""USDT"":0.49987886}",07:05 2026-05-08,2M 22S,07:07 2026-05-08
VVVUSDT,127.920000000,Long,11.731,11.822,10.43556008,0.60025182,0.60490810,0E-8,"{""USDT"":0.60025182}","{""USDT"":0.6049081}",20:32 2026-05-07,1M 52S,20:34 2026-05-07
VVVUSDT,121.830000000,Long,12.322,12.33,-0.22670127,0.60047571,0.60086556,0E-8,"{""USDT"":0.60047571}","{""USDT"":0.60086556}",16:07 2026-05-07,5M 20S,16:12 2026-05-07
VVVUSDT,115.150000000,Long,12.821,12.938,12.28609046,0.59053526,0.59592428,0E-8,"{""USDT"":0.59053526}","{""USDT"":0.59592428}",10:53 2026-05-07,1M 34S,10:55 2026-05-07
VVVUSDT,282.460000000,Long,12.38839014,12.3793512,-7.79916883,1.39968989,3.84633894,0E-8,"{""USDT"":1.39968989}","{""USDT"":3.84633894}",07:02 2026-05-07,31M 30S,07:33 2026-05-07
VVVUSDT,125.630000000,Long,12.71,12.731,1.35976886,0.63870292,0.63975822,0E-8,"{""USDT"":0.63870292}","{""USDT"":0.63975822}",04:22 2026-05-07,3M 31S,04:25 2026-05-07
VVVUSDT,305.880000000,Long,11.9961307,12.0317,7.94008480,1.46775063,1.47210257,0E-8,"{""USDT"":1.46775063}","{""USDT"":1.47210257}",01:45 2026-05-07,5M 34S,01:51 2026-05-07
VVVUSDT,124.430000000,Long,12.2763,12.4082,15.18372005,0.61101601,0.61758094,0E-8,"{""USDT"":0.61101601}","{""USDT"":0.61758094}",01:05 2026-05-07,1M 0S,01:06 2026-05-07
VVVUSDT,287.760000000,Long,12.47606138,12.4752155,-3.83772536,1.43604457,2.15826779,0E-8,"{""USDT"":1.43604457}","{""USDT"":2.15826779}",00:57 2026-05-07,4M 54S,01:02 2026-05-07
MONUSDT,47570.000000000,Long,0.031579,0.031852,12.38312742,0.30044261,0.30303997,0E-8,"{""USDT"":0.30044261}","{""USDT"":0.30303997}",00:30 2026-05-07,4M 58S,00:35 2026-05-07
VVVUSDT,124.210000000,Long,12.0769,12.0914,0.60026717,0.60002871,0.60074912,0E-8,"{""USDT"":0.60002871}","{""USDT"":0.60074912}",20:21 2026-05-06,12M 51S,20:34 2026-05-06
VVVUSDT,132.550000000,Long,11.3172,11.37920488,6.60537896,0.60003795,1.01333009,0E-8,"{""USDT"":0.60003795}","{""USDT"":1.01333009}",17:14 2026-05-06,2M 46S,17:16 2026-05-06
VVVUSDT,340.170000000,Long,11.00974193,11.08368522,22.14707846,1.49807358,1.50813496,0E-8,"{""USDT"":1.49807358}","{""USDT"":1.50813496}",14:47 2026-05-06,4M 4S,14:51 2026-05-06
HYPEUSDT,133.470000000,Long,43.27627624,43.52403709,30.74814705,1.15521692,1.16183065,0.00344538,"{""USDT"":1.15521692}","{""USDT"":1.16183065}",14:07 2026-05-06,1H 59M,16:07 2026-05-06
MONUSDT,48543.000000000,Long,0.032373,0.032324,-3.00672431,0.31429651,0.31382080,0E-8,"{""USDT"":0.31429651}","{""USDT"":0.31382080}",14:06 2026-05-06,6M 28S,14:12 2026-05-06
MONUSDT,46567.000000000,Long,0.032626,0.033012,17.36354904,0.30385899,0.30745397,0E-8,"{""USDT"":0.30385899}","{""USDT"":0.30745397}",14:03 2026-05-06,1M 57S,14:05 2026-05-06
VVVUSDT,55.740000000,Long,10.8976,11.0231,6.50662605,0.24297291,0.24577104,0E-8,"{""USDT"":0.24297291}","{""USDT"":0.24577104}",13:08 2026-05-06,1M 26S,13:10 2026-05-06
MONUSDT,51664.000000000,Long,0.030784,0.03085764,2.63507790,0.31808492,0.85162718,0E-8,"{""USDT"":0.31808492}","{""USDT"":0.85162718}",00:45 2026-05-06,5M 53S,00:51 2026-05-06
MONUSDT,50169.000000000,Long,0.030733,0.031069,16.23667508,0.30836878,0.31174014,0E-8,"{""USDT"":0.30836878}","{""USDT"":0.31174014}",00:31 2026-05-06,10M 7S,00:41 2026-05-06
HYPEUSDT,34.620000000,Long,43.472,43.842,12.33371358,0.30100013,0.30356201,-0.12887572,"{""USDT"":0.30100013}","{""USDT"":0.30356201}",23:34 2026-05-05,32M 32S,00:07 2026-05-06
VVVUSDT,147.400000000,Long,10.1383,10.17747841,3.55235436,0.59775417,1.62478947,0E-8,"{""USDT"":0.59775417}","{""USDT"":1.62478947}",16:25 2026-05-05,4M 49S,16:30 2026-05-05
MONUSDT,47434.000000000,Long,0.031625,0.031598,-1.88050197,0.30002006,0.29976391,0E-8,"{""USDT"":0.30002006}","{""USDT"":0.29976391}",14:19 2026-05-05,11M 13S,14:30 2026-05-05
MONUSDT,51050.000000000,Long,0.029382,0.029497,5.46822412,0.29999025,0.30116442,-0.19862879,"{""USDT"":0.29999025}","{""USDT"":0.30116442}",23:59 2026-05-04,12M 45S,00:12 2026-05-05
MONUSDT,50521.000000000,Long,0.029691,0.029852,7.53224660,0.30000381,0.30163059,0E-8,"{""USDT"":0.30000381}","{""USDT"":0.30163059}",15:22 2026-05-04,12M 11S,15:34 2026-05-04
HYPEUSDT,35.580000000,Long,41.098,41.492,13.43080955,0.29245337,0.29525708,0E-8,"{""USDT"":0.29245337}","{""USDT"":0.29525708}",10:14 2026-05-04,18M 15S,10:32 2026-05-04
VVVUSDT,154.700000000,Long,9.3356,9.3798,5.67963102,0.57768695,0.58042203,0E-8,"{""USDT"":0.57768695}","{""USDT"":0.58042203}",10:07 2026-05-04,2M 46S,10:09 2026-05-04
MONUSDT,116398.000000000,Long,0.03005803,0.029731,-39.45702463,0.69973883,0.69212580,0E-8,"{""USDT"":0.69973883}","{""USDT"":0.6921258}",10:04 2026-05-04,16M 33S,10:20 2026-05-04
VVVUSDT,165.390000000,Long,9.0676,9.07093933,-1.14280110,0.49489783,1.20019427,0E-8,"{""USDT"":0.49489783}","{""USDT"":1.20019427}",11:31 2026-05-01,19M 46S,11:51 2026-05-01
MONUSDT,52002.000000000,Long,0.028835,0.028984,7.20709132,0.26990599,0.27130069,0E-8,"{""USDT"":0.26990599}","{""USDT"":0.27130069}",06:51 2026-05-01,3M 48S,06:55 2026-05-01
MONUSDT,52104.000000000,Long,0.028777,0.028938,7.84745117,0.26989143,0.27140140,0E-8,"{""USDT"":0.26989143}","{""USDT"":0.2714014}",04:58 2026-05-01,4M 58S,05:03 2026-05-01
MONUSDT,55943.000000000,Long,0.02643,0.026542,5.73220173,0.26614323,0.26727104,0E-8,"{""USDT"":0.26614323}","{""USDT"":0.26727104}",21:50 2026-04-29,1M 43S,21:52 2026-04-29
MONUSDT,57955.000000000,Long,0.025874,0.025763,-6.97167706,0.26991500,0.26875706,0E-8,"{""USDT"":0.26991500}","{""USDT"":0.26875706}",19:33 2026-04-29,6M 11S,19:40 2026-04-29
MONUSDT,57742.000000000,Long,0.026384,0.026706,18.04112988,0.27422370,0.27757042,0E-8,"{""USDT"":0.2742237}","{""USDT"":0.27757042}",18:32 2026-04-29,0M 59S,18:33 2026-04-29
MONUSDT,56920.000000000,Long,0.026896,0.026863,-2.42915322,0.27556566,0.27522756,0E-8,"{""USDT"":0.27556566}","{""USDT"":0.27522756}",18:08 2026-04-29,5M 53S,18:14 2026-04-29
MONUSDT,54952.000000000,Long,0.027287,0.027486,10.39366851,0.26990555,0.27187394,0E-8,"{""USDT"":0.26990555}","{""USDT"":0.27187394}",16:53 2026-04-29,6M 41S,17:00 2026-04-29
MONUSDT,52039.000000000,Long,0.028181,0.028354,8.47318249,0.26397200,0.26559251,0E-8,"{""USDT"":0.26397200}","{""USDT"":0.26559251}",15:32 2026-04-28,5M 44S,15:37 2026-04-28
MONUSDT,123230.000000000,Long,0.0283954,0.028316,-11.04232833,0.62984972,0.62808861,0E-8,"{""USDT"":0.62984972}","{""USDT"":0.62808861}",14:10 2026-04-28,20M 3S,14:30 2026-04-28
HYPEUSDT,84.950000000,Long,40.59731713,40.468,-12.22505979,0.62077359,0.61879620,0E-8,"{""USDT"":0.62077359}","{""USDT"":0.61879620}",06:43 2026-04-28,47M 32S,07:31 2026-04-28
MONUSDT,51012.000000000,Long,0.029404,0.029273,-7.22135362,0.26999225,0.26878937,0E-8,"{""USDT"":0.26999225}","{""USDT"":0.26878937}",06:17 2026-04-28,12M 13S,06:29 2026-04-28
MONUSDT,50086.000000000,Long,0.029947,0.030022,3.21580067,0.26998658,0.27066275,0E-8,"{""USDT"":0.26998658}","{""USDT"":0.27066275}",19:28 2026-04-27,9M 44S,19:38 2026-04-27
MONUSDT,47139.000000000,Long,0.030439,0.03032,-6.21208436,0.25827553,0.25726581,0.08700202,"{""USDT"":0.25827553}","{""USDT"":0.25726581}",15:52 2026-04-27,19M 34S,16:12 2026-04-27
MONUSDT,47913.000000000,Long,0.031115,0.03093287,-9.57197847,0.26834634,0.57740513,0E-8,"{""USDT"":0.26834634}","{""USDT"":0.57740513}",15:17 2026-04-27,12M 11S,15:30 2026-04-27
HYPEUSDT,83.550000000,Long,41.88602633,41.724,-14.99674253,0.62992396,0.62748724,0.20203133,"{""USDT"":0.62992396}","{""USDT"":0.62748724}",15:12 2026-04-27,1H 2M,16:15 2026-04-27
MONUSDT,47399.000000000,Long,0.031801,0.032014,9.55152890,0.27132041,0.27313769,0E-8,"{""USDT"":0.27132041}","{""USDT"":0.27313769}",05:36 2026-04-27,6M 29S,05:43 2026-04-27
VVVUSDT,161.180000000,Long,9.1849,9.2467,8.98055823,0.48853934,0.49182643,0E-8,"{""USDT"":0.48853934}","{""USDT"":0.49182643}",05:29 2026-04-27,2M 25S,05:32 2026-04-27
VVVUSDT,375.540000000,Long,9.31860017,9.31159158,-6.58434465,1.15483735,2.79750030,0E-8,"{""USDT"":1.15483735}","{""USDT"":2.79750030}",05:12 2026-04-27,12M 35S,05:24 2026-04-27
MONUSDT,674701.000000000,Long,0.029647,0.02961349,-34.20171422,3.60051505,7.99210117,0E-8,"{""USDT"":3.60051505}","{""USDT"":7.99210117}",17:17 2026-04-25,2M 3S,17:19 2026-04-25
MONUSDT,737693.000000000,Long,0.02994181,0.02994184,-8.30527086,3.97581590,4.34702596,0E-8,"{""USDT"":3.97581590}","{""USDT"":4.34702596}",16:47 2026-04-25,15M 25S,17:03 2026-04-25
MONUSDT,3481.000000000,Long,0.031056,0.031239,0.59799019,0.01945907,0.01957374,0E-8,"{""USDT"":0.01945907}","{""USDT"":0.01957374}",14:24 2026-04-24,6M 43S,14:31 2026-04-24
MONUSDT,3483.000000000,Long,0.030625,0.030772,0.47350875,0.01920005,0.01929220,0E-8,"{""USDT"":0.01920005}","{""USDT"":0.0192922}",05:09 2026-04-24,21M 2S,05:30 2026-04-24
MONUSDT,3331.000000000,Long,0.031088,0.031412,1.04177024,0.01863975,0.01883401,0E-8,"{""USDT"":0.01863975}","{""USDT"":0.01883401}",01:44 2026-04-24,3M 3S,01:47 2026-04-24
MONUSDT,3206.000000000,Long,0.031329,0.031664,1.03765799,0.01807934,0.01827267,0E-8,"{""USDT"":0.01807934}","{""USDT"":0.01827267}",01:09 2026-04-24,17M 28S,01:26 2026-04-24
VVVUSDT,7.900000000,Long,8.3966,8.44658456,0.32222741,0.02188994,0.05076065,0E-8,"{""USDT"":0.02188994}","{""USDT"":0.05076065}",17:22 2026-04-23,2M 9S,17:24 2026-04-23
MONUSDT,3023.000000000,Long,0.032286,0.032504,0.62375916,0.01756811,0.01768673,0E-8,"{""USDT"":0.01756811}","{""USDT"":0.01768673}",08:44 2026-04-23,8M 6S,08:52 2026-04-23
MONUSDT,7540.000000000,Long,0.03324484,0.032822,-3.27790593,0.04511991,0.04454602,0E-8,"{""USDT"":0.04511991}","{""USDT"":0.04454602}",02:25 2026-04-23,2H 29M,04:54 2026-04-23
MONUSDT,3227.000000000,Long,0.033141,0.033206,0.17121666,0.01925029,0.01928805,0E-8,"{""USDT"":0.01925029}","{""USDT"":0.01928805}",00:13 2026-04-23,3M 44S,00:17 2026-04-23
MONUSDT,7467.000000000,Long,0.03402052,0.033946,-0.64781610,0.04572563,0.04562547,0E-8,"{""USDT"":0.04572563}","{""USDT"":0.04562547}",17:17 2026-04-22,2H 25M,19:42 2026-04-22
MONUSDT,3100.000000000,Long,0.034232,0.034543,0.92572354,0.01910146,0.01927500,0E-8,"{""USDT"":0.01910146}","{""USDT"":0.019275}",16:48 2026-04-22,2M 29S,16:51 2026-04-22
HYPEUSDT,4.560000000,Long,40.657,40.905,1.06393390,0.03337127,0.03357483,0E-8,"{""USDT"":0.03337127}","{""USDT"":0.03357483}",15:07 2026-04-22,4M 30S,15:11 2026-04-22
VVVUSDT,7.900000000,Long,8.6169,8.6589,0.28676198,0.02246426,0.02257376,0E-8,"{""USDT"":0.02246426}","{""USDT"":0.02257376}",13:19 2026-04-22,6M 24S,13:25 2026-04-22
MONUSDT,3037.000000000,Long,0.03168,0.03233914,1.94521419,0.01731819,0.03928562,0E-8,"{""USDT"":0.01731819}","{""USDT"":0.03928562}",19:41 2026-04-21,1H 26M,21:08 2026-04-21
HYPEUSDT,4.220000000,Long,39.598,39.882,1.13810698,0.03007865,0.03029437,0E-8,"{""USDT"":0.03007865}","{""USDT"":0.03029437}",16:07 2026-04-21,7M 1S,16:14 2026-04-21
MONUSDT,2804.000000000,Long,0.032585,0.032765,0.47173653,0.01644631,0.01653716,0E-8,"{""USDT"":0.01644631}","{""USDT"":0.01653716}",15:36 2026-04-21,3M 2S,15:39 2026-04-21
MONUSDT,2756.000000000,Long,0.032951,0.03303,0.18499213,0.01634634,0.01638553,0E-8,"{""USDT"":0.01634634}","{""USDT"":0.01638553}",12:41 2026-04-21,4M 51S,12:46 2026-04-21
VVVUSDT,6.410000000,Long,9.39,9.4229,0.17109406,0.01986267,0.01993227,0E-8,"{""USDT"":0.01986267}","{""USDT"":0.01993227}",12:29 2026-04-21,4M 27S,12:33 2026-04-21
MONUSDT,2904.000000000,Long,0.031024,0.03106,0.07209143,0.01621687,0.01623570,0E-8,"{""USDT"":0.01621687}","{""USDT"":0.01623570}",03:02 2026-04-21,20M 22S,03:23 2026-04-21
VVVUSDT,6.200000000,Long,9.6121,9.6563,0.23461684,0.01966636,0.01975680,0E-8,"{""USDT"":0.01966636}","{""USDT"":0.01975680}",22:08 2026-04-20,3M 27S,22:11 2026-04-20
VVVUSDT,21.400000000,Long,9.3501,9.35065888,-0.21415371,0.06603041,0.16008330,0E-8,"{""USDT"":0.06603041}","{""USDT"":0.16008330}",18:24 2026-04-20,7M 3S,18:31 2026-04-20
HYPEUSDT,1934.700000000,Long,40.63122242,40.90316598,496.15443986,14.14966070,14.24436396,1.58073548,"{""USDT"":14.14966070}","{""USDT"":14.24436396}",15:48 2026-04-20,1H 23M,17:11 2026-04-20
MONUSDT,233384.000000000,Long,0.032064,0.03218403,23.89140385,1.34698043,2.77412172,0E-8,"{""USDT"":1.34698043}","{""USDT"":2.77412172}",12:41 2026-04-20,8M 49S,12:50 2026-04-20
MONUSDT,286959.000000000,Long,0.030067,0.030254,50.54559529,1.55303933,1.56269838,0E-8,"{""USDT"":1.55303933}","{""USDT"":1.56269838}",23:40 2026-04-19,9M 24S,23:50 2026-04-19
VVVUSDT,957.850000000,Long,8.9051,8.9081,-2.75703333,2.81481752,2.81576581,0E-8,"{""USDT"":2.81481752}","{""USDT"":2.81576581}",22:16 2026-04-19,13M 7S,22:29 2026-04-19
HYPEUSDT,1546.640000000,Long,42.4279483,41.57578017,-1341.38355506,11.81173741,11.57449765,0E-8,"{""USDT"":11.81173741}","{""USDT"":11.57449765}",17:25 2026-04-19,4H 41M,22:06 2026-04-19
MONUSDT,485670.000000000,Long,0.031739,0.03169177,-31.86735673,2.77464246,6.15669827,0E-8,"{""USDT"":2.77464246}","{""USDT"":6.15669827}",17:21 2026-04-19,10M 27S,17:31 2026-04-19
MONUSDT,478912.000000000,Long,0.031851,0.031974,53.40419545,2.74568873,2.75629182,0E-8,"{""USDT"":2.74568873}","{""USDT"":2.75629182}",17:05 2026-04-19,3M 47S,17:09 2026-04-19
MONUSDT,455397.000000000,Long,0.033108,0.03325639,59.12111142,2.71391111,5.74171547,0E-8,"{""USDT"":2.71391111}","{""USDT"":5.74171547}",15:02 2026-04-19,15M 48S,15:18 2026-04-19
MONUSDT,473480.000000000,Long,0.031693,0.031755,23.94831520,2.70108030,2.70636450,0E-8,"{""USDT"":2.7010803}","{""USDT"":2.70636450}",09:39 2026-04-19,22M 26S,10:02 2026-04-19
GENIUSUSDT,39.000000000,Long,0.6148,0.624,0.34285664,0.00791248,0.00803088,0E-8,"{""USDT"":0.00791248}","{""USDT"":0.00803088}",07:38 2026-04-19,0M 38S,07:38 2026-04-19
GENIUSUSDT,89.000000000,Long,0.62157079,0.6257,0.33086764,0.01825554,0.01837682,0E-8,"{""USDT"":0.01825554}","{""USDT"":0.01837682}",07:28 2026-04-19,4M 26S,07:32 2026-04-19
GENIUSUSDT,39.000000000,Long,0.6373,0.6427,0.19412638,0.00820206,0.00827156,0E-8,"{""USDT"":0.00820206}","{""USDT"":0.00827156}",06:08 2026-04-19,3M 42S,06:12 2026-04-19
EDGEUSDT,18955.000000000,Long,1.23138707,1.2216,-193.88324661,4.20136956,4.16797705,0E-8,"{""USDT"":4.20136956}","{""USDT"":4.16797705}",06:07 2026-04-19,6M 56S,06:14 2026-04-19
EDGEUSDT,7822.000000000,Long,1.279,1.2848,41.75787215,1.80078084,1.80894701,0E-8,"{""USDT"":1.80078084}","{""USDT"":1.80894701}",05:46 2026-04-19,3M 38S,05:50 2026-04-19
GENIUSUSDT,39.000000000,Long,0.6339,0.6438,0.36965599,0.00815830,0.00828571,0E-8,"{""USDT"":0.0081583}","{""USDT"":0.00828571}",02:39 2026-04-19,1M 30S,02:40 2026-04-19
GENIUSUSDT,89.000000000,Long,0.65068427,0.6515,0.03435483,0.01911061,0.01913456,0E-8,"{""USDT"":0.01911061}","{""USDT"":0.01913456}",02:21 2026-04-19,4M 3S,02:25 2026-04-19
GENIUSUSDT,85.000000000,Long,0.68222,0.6745,-0.69425601,0.01913628,0.01891973,0E-8,"{""USDT"":0.01913628}","{""USDT"":0.01891973}",02:04 2026-04-19,14M 17S,02:18 2026-04-19
GENIUSUSDT,35.000000000,Long,0.7195,0.7233,0.11633565,0.00831023,0.00835412,0E-8,"{""USDT"":0.00831023}","{""USDT"":0.00835412}",00:18 2026-04-19,2M 8S,00:20 2026-04-19
GENIUSUSDT,34.000000000,Long,0.7322,0.7419,0.31326059,0.00821529,0.00832412,0E-8,"{""USDT"":0.00821529}","{""USDT"":0.00832412}",00:11 2026-04-19,0M 48S,00:12 2026-04-19
MONUSDT,466695.000000000,Long,0.032157,0.03211358,-27.85792827,2.70135204,4.89488723,0E-8,"{""USDT"":2.70135204}","{""USDT"":4.89488723}",21:53 2026-04-18,26M 9S,22:19 2026-04-18
MONUSDT,1077331.000000000,Long,0.03250216,0.032496,-19.23793747,6.30280477,6.30161070,0E-8,"{""USDT"":6.30280477}","{""USDT"":6.30161070}",21:24 2026-04-18,19M 33S,21:43 2026-04-18
GENIUSUSDT,36.000000000,Long,0.6966,0.7036,0.23536562,0.00827561,0.00835877,0E-8,"{""USDT"":0.00827561}","{""USDT"":0.00835877}",20:58 2026-04-18,1M 29S,21:00 2026-04-18
GENIUSUSDT,36.000000000,Long,0.7027,0.7156,0.44755059,0.00834808,0.00850133,0E-8,"{""USDT"":0.00834808}","{""USDT"":0.00850133}",20:53 2026-04-18,0M 41S,20:53 2026-04-18
GENIUSUSDT,85.000000000,Long,0.68736235,0.6873,-0.07131692,0.01928052,0.04673640,0E-8,"{""USDT"":0.01928052}","{""USDT"":0.04673640}",20:04 2026-04-18,3M 15S,20:07 2026-04-18
GENIUSUSDT,80.000000000,Long,0.7268325,0.7155,-0.94753600,0.01918840,0.01888920,0.00285840,"{""USDT"":0.01918840}","{""USDT"":0.01888920}",19:46 2026-04-18,15M 30S,20:02 2026-04-18
GENIUSUSDT,34.000000000,Long,0.7447,0.7511,0.20081711,0.00835554,0.00842735,0E-8,"{""USDT"":0.00835554}","{""USDT"":0.00842735}",19:36 2026-04-18,1M 52S,19:37 2026-04-18
GENIUSUSDT,35.000000000,Long,0.7235,0.7389,0.52210927,0.00835643,0.00853430,0E-8,"{""USDT"":0.00835643}","{""USDT"":0.0085343}",19:07 2026-04-18,0M 58S,19:08 2026-04-18
GENIUSUSDT,75.000000000,Long,0.78483467,0.7479,-2.80803521,0.01942467,0.01851054,0E-8,"{""USDT"":0.01942467}","{""USDT"":0.01851054}",18:51 2026-04-18,12M 59S,19:04 2026-04-18
GENIUSUSDT,71.000000000,Long,0.83468169,0.8123,-1.62768879,0.01955660,0.01903219,0E-8,"{""USDT"":0.01955660}","{""USDT"":0.01903219}",17:07 2026-04-18,8M 2S,17:15 2026-04-18
GENIUSUSDT,30.000000000,Long,0.8474,0.8484,0.01321158,0.00838926,0.00839916,0E-8,"{""USDT"":0.00838926}","{""USDT"":0.00839916}",16:38 2026-04-18,7M 0S,16:45 2026-04-18
GENIUSUSDT,32.000000000,Long,0.7781,0.7855,0.22028838,0.00821674,0.00829488,0E-8,"{""USDT"":0.00821674}","{""USDT"":0.00829488}",14:25 2026-04-18,2M 0S,14:27 2026-04-18
EDGEUSDT,10156.000000000,Long,1.313,1.316,25.66197768,2.40026904,2.40575328,0E-8,"{""USDT"":2.40026904}","{""USDT"":2.40575328}",12:46 2026-04-18,1M 27S,12:48 2026-04-18
EDGEUSDT,17458.000000000,Long,1.33684058,1.3185,-328.53404849,4.20094135,4.14330714,0E-8,"{""USDT"":4.20094135}","{""USDT"":4.14330714}",12:29 2026-04-18,16M 41S,12:46 2026-04-18
VVVUSDT,1121.150000000,Long,8.8856,8.9497,65.26701957,3.28748986,3.31120557,0E-8,"{""USDT"":3.28748986}","{""USDT"":3.31120557}",11:40 2026-04-18,6M 38S,11:46 2026-04-18
GENIUSUSDT,7243.000000000,Long,0.85781625,0.86314874,32.88108233,2.05034385,3.32371557,0.36805825,"{""USDT"":2.05034385}","{""USDT"":3.32371557}",11:39 2026-04-18,21M 49S,12:01 2026-04-18
GENIUSUSDT,1968.000000000,Long,0.8861,0.88316352,-7.74492144,0.57546880,1.39045264,0E-8,"{""USDT"":0.57546880}","{""USDT"":1.39045264}",11:39 2026-04-18,0M 0S,11:39 2026-04-18
GENIUSUSDT,99.000000000,Long,0.8874,0.88775253,-0.06440136,0.02899136,0.07031000,0E-8,"{""USDT"":0.02899136}","{""USDT"":0.07031000}",11:39 2026-04-18,0M 0S,11:39 2026-04-18
GENIUSUSDT,1975.000000000,Long,0.8868,0.88857899,1.53157327,0.57797193,1.40395480,0E-8,"{""USDT"":0.57797193}","{""USDT"":1.40395480}",11:39 2026-04-18,0M 0S,11:39 2026-04-18
GENIUSUSDT,1964.000000000,Long,0.8888,0.88649582,-6.49431130,0.57604906,1.39286224,0E-8,"{""USDT"":0.57604906}","{""USDT"":1.39286224}",11:39 2026-04-18,0M 0S,11:39 2026-04-18
GENIUSUSDT,1960.000000000,Long,0.8934,0.88706551,-14.38436984,0.57785112,1.39091872,0E-8,"{""USDT"":0.57785112}","{""USDT"":1.39091872}",11:39 2026-04-18,0M 0S,11:39 2026-04-18
GENIUSUSDT,4506.000000000,Long,0.90653735,0.9117,20.55921739,1.34800293,1.35567968,0E-8,"{""USDT"":1.34800293}","{""USDT"":1.35567968}",11:07 2026-04-18,5M 3S,11:12 2026-04-18
GENIUSUSDT,2091.000000000,Long,0.833,0.8477,29.57796656,0.57479499,0.58493845,0E-8,"{""USDT"":0.57479499}","{""USDT"":0.58493845}",09:18 2026-04-18,1M 2S,09:19 2026-04-18
GENIUSUSDT,2114.000000000,Long,0.8247,0.82430558,-2.80319282,0.57532722,1.39406560,0E-8,"{""USDT"":0.57532722}","{""USDT"":1.39406560}",09:12 2026-04-18,0M 0S,09:12 2026-04-18
GENIUSUSDT,2100.000000000,Long,0.8334,0.8242949,-21.08306164,0.57754620,1.38481544,0E-8,"{""USDT"":0.5775462}","{""USDT"":1.38481544}",09:12 2026-04-18,0M 0S,09:12 2026-04-18
GENIUSUSDT,5132.000000000,Long,0.79571477,0.79800532,7.90010177,1.34759072,2.50740751,0E-8,"{""USDT"":1.34759072}","{""USDT"":2.50740751}",08:39 2026-04-18,2M 44S,08:41 2026-04-18
GENIUSUSDT,2178.000000000,Long,0.804,0.8123,16.91570052,0.57786696,0.58383252,0E-8,"{""USDT"":0.57786696}","{""USDT"":0.58383252}",08:20 2026-04-18,1M 18S,08:21 2026-04-18
GENIUSUSDT,4885.000000000,Long,0.83601198,0.80296942,-164.05502004,1.34769314,1.29442690,0E-8,"{""USDT"":1.34769314}","{""USDT"":1.29442690}",08:03 2026-04-18,6M 28S,08:10 2026-04-18
GENIUSUSDT,4722.000000000,Long,0.86484041,0.86400138,-8.33454890,1.34764622,3.02500268,0E-8,"{""USDT"":1.34764622}","{""USDT"":3.02500268}",07:45 2026-04-18,7M 24S,07:53 2026-04-18
GENIUSUSDT,4560.000000000,Long,0.8955525,0.89701787,2.06215137,1.34762743,3.27232120,0E-8,"{""USDT"":1.34762743}","{""USDT"":3.27232120}",07:30 2026-04-18,4M 23S,07:35 2026-04-18
GENIUSUSDT,4308.000000000,Long,0.70857266,0.73264373,101.64715462,1.00733526,1.04371012,0E-8,"{""USDT"":1.00733526}","{""USDT"":1.04371012}",06:13 2026-04-18,3M 49S,06:17 2026-04-18
HYPEUSDT,603.970000000,Long,44.802,44.989,103.18079735,4.87063151,4.89096114,0E-8,"{""USDT"":4.87063151}","{""USDT"":4.89096114}",04:01 2026-04-18,42M 34S,04:44 2026-04-18
GENIUSUSDT,2560.000000000,Long,0.6838,0.6875,8.31352574,0.57767425,0.58080001,0E-8,"{""USDT"":0.57767425}","{""USDT"":0.58080001}",03:17 2026-04-18,4M 56S,03:22 2026-04-18
MONUSDT,690.000000000,Long,0.034406,0.034579,0.11080205,0.00427323,0.00429472,0E-8,"{""USDT"":0.00427323}","{""USDT"":0.00429472}",01:35 2026-04-18,9M 17S,01:44 2026-04-18
GENIUSUSDT,2544.000000000,Long,0.6502,0.65945535,21.68874397,0.54585591,1.31100012,0E-8,"{""USDT"":0.54585591}","{""USDT"":1.31100012}",00:11 2026-04-18,1M 20S,00:13 2026-04-18
GENIUSUSDT,5840.000000000,Long,0.6956775,0.667655,-169.82734418,1.34070969,1.28670476,3.54852973,"{""USDT"":1.34070969}","{""USDT"":1.28670476}",23:57 2026-04-17,12M 34S,00:10 2026-04-18
EDGEUSDT,7382.000000000,Long,1.358,1.34344003,-116.57187605,1.80445608,3.53747194,3.74824803,"{""USDT"":1.80445608}","{""USDT"":3.53747194}",23:54 2026-04-17,12M 19S,00:07 2026-04-18
VVVUSDT,1131.350000000,Long,8.8434,8.858,9.90897194,3.30164361,3.30709445,0E-8,"{""USDT"":3.30164361}","{""USDT"":3.30709445}",23:19 2026-04-17,5M 15S,23:25 2026-04-17
MONUSDT,720.000000000,Long,0.034719,0.035131,0.28758743,0.00449959,0.00455298,0E-8,"{""USDT"":0.00449959}","{""USDT"":0.00455298}",21:40 2026-04-17,31M 23S,22:11 2026-04-17
GENIUSUSDT,2698.000000000,Long,0.64844107,0.6576,23.54797939,0.57733302,0.58548759,0E-8,"{""USDT"":0.57733302}","{""USDT"":0.58548759}",20:11 2026-04-17,0M 54S,20:12 2026-04-17
MONUSDT,411143.000000000,Long,0.03651,0.03673,85.03127952,2.70194960,2.71823088,0E-8,"{""USDT"":2.70194960}","{""USDT"":2.71823088}",15:43 2026-04-17,5M 33S,15:48 2026-04-17
EDGEUSDT,8617.000000000,Long,1.199,1.2052,49.69634154,1.85972094,1.86933752,0E-8,"{""USDT"":1.85972094}","{""USDT"":1.86933752}",11:27 2026-04-17,3M 46S,11:30 2026-04-17
HYPEUSDT,2298.120000000,Long,43.41770466,43.5323667,227.53923426,17.96023725,18.00766849,0E-8,"{""USDT"":17.96023725}","{""USDT"":18.00766849}",10:31 2026-04-17,1H 28M,12:00 2026-04-17
EDGEUSDT,7559.000000000,Long,1.3234,1.3306,50.81371451,1.80064451,1.81044098,0E-8,"{""USDT"":1.80064451}","{""USDT"":1.81044098}",10:17 2026-04-17,3M 17S,10:20 2026-04-17
VVVUSDT,2687.820000000,Long,8.68295909,8.67631385,-36.90393930,7.70161635,11.34110395,0E-8,"{""USDT"":7.70161635}","{""USDT"":11.34110395}",05:28 2026-04-17,7M 30S,05:35 2026-04-17
EDGEUSDT,8219.000000000,Long,1.217,1.21681706,-7.24109354,1.80045414,3.93703940,0E-8,"{""USDT"":1.80045414}","{""USDT"":3.93703940}",22:07 2026-04-16,8M 15S,22:15 2026-04-16
EDGEUSDT,8509.000000000,Long,1.1775,1.1731,-41.03982599,1.80348255,1.79674344,0E-8,"{""USDT"":1.80348255}","{""USDT"":1.79674344}",16:52 2026-04-16,3M 40S,16:56 2026-04-16
HYPEUSDT,839.050000000,Long,43.79901156,43.77057225,-37.08754671,6.61492093,6.61062578,0E-8,"{""USDT"":6.61492093}","{""USDT"":6.61062578}",16:45 2026-04-16,59M 17S,17:45 2026-04-16
MONUSDT,446072.000000000,Long,0.034429,0.034542,44.86825019,2.76440633,2.77347948,0E-8,"{""USDT"":2.76440633}","{""USDT"":2.77347948}",14:18 2026-04-16,9M 40S,14:28 2026-04-16
VVVUSDT,2804.000000000,Long,8.34071014,8.38411553,106.12311745,7.71782598,7.86777857,0E-8,"{""USDT"":7.71782598}","{""USDT"":7.86777857}",13:53 2026-04-16,3M 21S,13:57 2026-04-16
EDGEUSDT,1290.000000000,Long,1.1804,1.1907,12.73643054,0.27408892,0.27648054,0E-8,"{""USDT"":0.27408892}","{""USDT"":0.27648054}",13:52 2026-04-16,2M 47S,13:55 2026-04-16
EDGEUSDT,8059.000000000,Long,1.2411,1.2421,4.45682035,1.80036450,1.80181515,0E-8,"{""USDT"":1.80036450}","{""USDT"":1.80181515}",12:52 2026-04-16,6M 32S,12:59 2026-04-16
HYPEUSDT,353.640000000,Long,44.551,44.892,114.89772793,2.83590282,2.85760925,0E-8,"{""USDT"":2.83590282}","{""USDT"":2.85760925}",11:35 2026-04-16,54M 48S,12:30 2026-04-16
EDGEUSDT,8668.000000000,Long,1.1868,1.1896,20.56264565,1.85169284,1.85606151,0E-8,"{""USDT"":1.85169284}","{""USDT"":1.85606151}",09:52 2026-04-16,3M 20S,09:56 2026-04-16
EDGEUSDT,8350.000000000,Long,1.1979,1.2154,142.49781009,1.80044370,1.82674621,0E-8,"{""USDT"":1.8004437}","{""USDT"":1.82674621}",09:38 2026-04-16,1M 59S,09:40 2026-04-16
EDGEUSDT,8947.000000000,Long,1.1306,1.1436,112.64849183,1.82078611,1.84172206,0E-8,"{""USDT"":1.82078611}","{""USDT"":1.84172206}",05:08 2026-04-16,1M 44S,05:10 2026-04-16
EDGEUSDT,8675.000000000,Long,1.1465,1.1567,84.88855318,1.79025975,1.80618707,0E-8,"{""USDT"":1.79025975}","{""USDT"":1.80618707}",04:58 2026-04-16,1M 54S,05:00 2026-04-16
EDGEUSDT,19473.000000000,Long,1.1983325,1.1973,-28.50292736,4.20032323,4.19670413,0E-8,"{""USDT"":4.20032323}","{""USDT"":4.19670413}",04:14 2026-04-16,5M 18S,04:20 2026-04-16
MONUSDT,1037862.000000000,Long,0.0337327,0.033458,-288.79703473,6.30178008,6.25046164,-8.85767499,"{""USDT"":6.30178008}","{""USDT"":6.25046164}",05:40 2026-04-15,2H 36M,08:17 2026-04-15
EDGEUSDT,23928.000000000,Long,0.96901419,0.9562,-314.90997456,4.17358290,4.11839166,0E-8,"{""USDT"":4.17358290}","{""USDT"":4.11839166}",16:42 2026-04-14,11M 29S,16:54 2026-04-14
MONUSDT,1542640.000000000,Long,0.03485377,0.03478038,-141.31934046,9.67802695,18.43871451,0E-8,"{""USDT"":9.67802695}","{""USDT"":18.43871451}",16:32 2026-04-14,1H 16M,17:48 2026-04-14
EDGEUSDT,9903.000000000,Long,0.9889,0.9924,31.12875345,1.76275384,1.76899271,0E-8,"{""USDT"":1.76275384}","{""USDT"":1.76899271}",16:29 2026-04-14,3M 18S,16:32 2026-04-14
EDGEUSDT,23651.000000000,Long,1.02955434,1.0163,-322.18787035,4.38299831,4.32657204,0E-8,"{""USDT"":4.38299831}","{""USDT"":4.32657204}",16:14 2026-04-14,8M 47S,16:23 2026-04-14
EDGEUSDT,9758.000000000,Long,1.048,1.05918022,105.34048940,1.84074912,1.91536148,0E-8,"{""USDT"":1.84074912}","{""USDT"":1.91536148}",16:11 2026-04-14,2M 54S,16:14 2026-04-14
EDGEUSDT,22633.000000000,Long,1.03145431,1.0371,110.33311310,4.20208299,4.22508318,9.01852073,"{""USDT"":4.20208299}","{""USDT"":4.22508318}",15:58 2026-04-14,2M 42S,16:01 2026-04-14
VVVUSDT,1040.540000000,Long,9.4944,9.5296,30.09458108,3.26016999,3.27225693,0E-8,"{""USDT"":3.26016999}","{""USDT"":3.27225693}",15:08 2026-04-14,4M 46S,15:13 2026-04-14
HYPEUSDT,847.750000000,Long,43.37458356,43.6759479,242.13752268,6.61874465,6.72535267,0E-8,"{""USDT"":6.61874465}","{""USDT"":6.72535267}",15:00 2026-04-14,47M 22S,15:48 2026-04-14
MONUSDT,467496.000000000,Long,0.035039,0.03506514,2.91535097,2.94850663,6.35593740,0E-8,"{""USDT"":2.94850663}","{""USDT"":6.35593740}",14:45 2026-04-14,6M 45S,14:52 2026-04-14
LITUSDT,1922.600000000,Long,1.1371,1.1349,-5.01598651,0.39351393,0.39275258,0E-8,"{""USDT"":0.39351393}","{""USDT"":0.39275258}",14:38 2026-04-14,11M 57S,14:50 2026-04-14
VVVUSDT,1100.580000000,Long,9.7282,9.8363,111.86703984,3.53319859,3.57245957,0E-8,"{""USDT"":3.53319859}","{""USDT"":3.57245957}",14:30 2026-04-14,2M 42S,14:32 2026-04-14
HYPEUSDT,835.760000000,Long,44.00643879,44.44,349.04752067,6.62018788,6.68541145,0E-8,"{""USDT"":6.62018788}","{""USDT"":6.68541145}",14:02 2026-04-14,24M 27S,14:26 2026-04-14
MONUSDT,412737.000000000,Long,0.036357,0.03652232,60.58405848,2.70105824,4.95020028,0E-8,"{""USDT"":2.70105824}","{""USDT"":4.95020028}",12:45 2026-04-14,4M 36S,12:50 2026-04-14
EDGEUSDT,32.000000000,Long,0.7894,0.7926,0.09227520,0.00505216,0.00507264,0E-8,"{""USDT"":0.00505216}","{""USDT"":0.00507264}",18:49 2026-04-13,6M 33S,18:56 2026-04-13
EDGEUSDT,31.000000000,Long,0.8187,0.8235,0.13861836,0.00507594,0.00510570,0E-8,"{""USDT"":0.00507594}","{""USDT"":0.0051057}",17:55 2026-04-13,4M 30S,18:00 2026-04-13
VVVUSDT,1164.180000000,Long,8.4731,8.5234,50.64345980,3.94568543,3.96910877,0E-8,"{""USDT"":3.94568543}","{""USDT"":3.96910877}",15:31 2026-04-13,2M 46S,15:34 2026-04-13
LITUSDT,4174.300000000,Long,1.11838138,1.0821,-153.28644392,0.93369190,0.90340202,0E-8,"{""USDT"":0.93369190}","{""USDT"":0.90340202}",15:28 2026-04-13,25M 42S,15:54 2026-04-13
MONUSDT,466846.000000000,Long,0.032411,0.03251677,38.16633401,3.02618915,8.18628984,0E-8,"{""USDT"":3.02618915}","{""USDT"":8.18628984}",03:34 2026-04-13,27M 27S,04:01 2026-04-13
MONUSDT,182841.000000000,Long,0.032602,0.032848,42.58549725,1.19219648,1.20119227,0E-8,"{""USDT"":1.19219648}","{""USDT"":1.20119227}",22:26 2026-04-12,8M 6S,22:34 2026-04-12
EDGEUSDT,66.000000000,Long,0.87100606,0.8736,0.14817120,0.01149728,0.01153152,0E-8,"{""USDT"":0.01149728}","{""USDT"":0.01153152}",15:29 2026-04-12,3M 30S,15:32 2026-04-12
MONUSDT,221815.000000000,Long,0.031903,0.032166,55.49505195,1.41531279,1.42698026,0E-8,"{""USDT"":1.41531279}","{""USDT"":1.42698026}",14:20 2026-04-12,2M 22S,14:22 2026-04-12
MONUSDT,1081231.000000000,Long,0.03237762,0.03194898,-477.37576801,7.00153807,6.90884494,0E-8,"{""USDT"":7.00153807}","{""USDT"":6.90884494}",13:32 2026-04-12,13M 20S,13:45 2026-04-12
MONUSDT,457176.000000000,Long,0.03283,0.033169,148.94803221,3.00181762,3.03281417,0E-8,"{""USDT"":3.00181762}","{""USDT"":3.03281417}",13:01 2026-04-12,5M 5S,13:06 2026-04-12
LITUSDT,222.500000000,Long,1.0619,1.0669,1.01776840,0.04725455,0.04747705,0E-8,"{""USDT"":0.04725455}","{""USDT"":0.04747705}",12:59 2026-04-12,6M 15S,13:05 2026-04-12
MONUSDT,433693.000000000,Long,0.033759,0.03392551,61.22814764,2.92820843,8.05986493,0E-8,"{""USDT"":2.92820843}","{""USDT"":8.05986493}",07:18 2026-04-12,3M 55S,07:22 2026-04-12
LITUSDT,4150.800000000,Long,1.12462381,1.0957,-121.90018405,0.93361772,0.90960633,0E-8,"{""USDT"":0.93361772}","{""USDT"":0.90960633}",07:00 2026-04-12,13M 13S,07:13 2026-04-12
VVVUSDT,231.720000000,Long,7.8281,7.8942,13.85942344,0.72557095,0.73169761,0E-8,"{""USDT"":0.72557095}","{""USDT"":0.73169761}",03:40 2026-04-12,4M 7S,03:44 2026-04-12
LITUSDT,1516.600000000,Long,1.1455,1.1452,-1.10672926,0.34745306,0.34736207,-0.04306587,"{""USDT"":0.34745306}","{""USDT"":0.34736207}",03:35 2026-04-12,1H 33M,05:08 2026-04-12
LITUSDT,1520.700000000,Long,1.1585,1.15864241,-1.10485740,0.35234619,0.96907121,0E-8,"{""USDT"":0.35234619}","{""USDT"":0.96907121}",02:03 2026-04-12,6M 25S,02:09 2026-04-12
VVVUSDT,1007.800000000,Long,7.9531,8.0288,69.84783646,3.20605368,3.23656986,0E-8,"{""USDT"":3.20605368}","{""USDT"":3.23656986}",01:49 2026-04-12,1M 8S,01:50 2026-04-12
LITUSDT,1600.800000000,Long,1.1655,1.1772,17.97932115,0.37314648,0.37689237,0E-8,"{""USDT"":0.37314648}","{""USDT"":0.37689237}",01:43 2026-04-12,2M 39S,01:45 2026-04-12
HYPEUSDT,2328.300000000,Long,41.63215032,41.37553265,-657.38344811,19.38642719,40.51409092,0E-8,"{""USDT"":19.38642719}","{""USDT"":40.51409092}",01:41 2026-04-12,2H 5M,03:47 2026-04-12
MONUSDT,1015278.000000000,Long,0.0340274,0.034036,-5.09190912,6.90945471,6.91120041,0E-8,"{""USDT"":6.90945471}","{""USDT"":6.91120041}",01:38 2026-04-12,8M 23S,01:47 2026-04-12
VVVUSDT,2880.360000000,Long,8.12002995,8.1032679,-83.31053360,9.35544380,25.67436280,0E-8,"{""USDT"":9.35544380}","{""USDT"":25.67436280}",01:33 2026-04-12,5M 36S,01:39 2026-04-12
VVVUSDT,579.530000000,Long,8.3422,8.3674,10.73067019,1.93382207,1.93966374,0E-8,"{""USDT"":1.93382207}","{""USDT"":1.93966374}",01:14 2026-04-12,5M 47S,01:19 2026-04-12
MONUSDT,445767.000000000,Long,0.034826,0.034961,53.95679666,3.10485632,3.11689202,0E-8,"{""USDT"":3.10485632}","{""USDT"":3.11689202}",00:05 2026-04-12,12M 58S,00:18 2026-04-12
LITUSDT,1733.900000000,Long,1.1819,1.1831,1.26054528,0.40985929,0.41027543,0E-8,"{""USDT"":0.40985929}","{""USDT"":0.41027543}",00:04 2026-04-12,8M 50S,00:13 2026-04-12
HYPEUSDT,1496.090000000,Long,42.119775,42.37359852,338.91337049,12.60299484,27.14396266,1.08250201,"{""USDT"":12.60299484}","{""USDT"":27.14396266}",22:52 2026-04-11,1H 29M,00:21 2026-04-12
LITUSDT,1697.000000000,Long,1.1823,1.1881,9.03808621,0.40127265,0.40324114,0E-8,"{""USDT"":0.40127265}","{""USDT"":0.40324114}",20:17 2026-04-11,12M 23S,20:29 2026-04-11
MONUSDT,423721.000000000,Long,0.03541314,0.03546785,13.78691962,3.00105844,6.39304494,0E-8,"{""USDT"":3.00105844}","{""USDT"":6.39304494}",20:06 2026-04-11,6M 53S,20:13 2026-04-11
LITUSDT,1672.500000000,Long,1.2026,1.2104195,11.66569974,0.40226971,1.01015055,0E-8,"{""USDT"":0.40226971}","{""USDT"":1.01015055}",18:24 2026-04-11,2M 37S,18:27 2026-04-11
MONUSDT,139136.000000000,Long,0.035949,0.036274,43.20943609,1.00036002,1.00940389,0E-8,"{""USDT"":1.00036002}","{""USDT"":1.00940389}",18:22 2026-04-11,7M 29S,18:30 2026-04-11
MONUSDT,142802.000000000,Long,0.03503,0.035222,25.41155876,1.00047082,1.00595442,0E-8,"{""USDT"":1.00047082}","{""USDT"":1.00595442}",14:46 2026-04-11,15M 6S,15:02 2026-04-11
MONUSDT,145490.000000000,Long,0.034382,0.034624,33.20064336,1.00044745,1.00748919,0E-8,"{""USDT"":1.00044745}","{""USDT"":1.00748919}",00:43 2026-04-11,18M 9S,01:01 2026-04-11
LITUSDT,1748.500000000,Long,1.1444,1.1497,8.46480321,0.40019668,0.40205011,0E-8,"{""USDT"":0.40019668}","{""USDT"":0.40205011}",19:27 2026-04-10,7M 5S,19:34 2026-04-10
LITUSDT,1804.400000000,Long,1.1089,1.1157,11.46710631,0.40017984,0.40263385,0E-8,"{""USDT"":0.40017984}","{""USDT"":0.40263385}",17:38 2026-04-10,1M 53S,17:40 2026-04-10
MONUSDT,142719.000000000,Long,0.035049,0.03500559,-9.94431197,1.00043167,2.74777930,0E-8,"{""USDT"":1.00043167}","{""USDT"":2.74777930}",14:38 2026-04-10,12M 34S,14:51 2026-04-10
LITUSDT,1849.700000000,Long,1.0819,1.0863,7.33657608,0.40023809,0.40186583,0E-8,"{""USDT"":0.40023809}","{""USDT"":0.40186583}",13:05 2026-04-10,5M 9S,13:10 2026-04-10
MONUSDT,56048.000000000,Long,0.035692,0.035803,5.41989760,0.40009305,0.40133735,0E-8,"{""USDT"":0.40009305}","{""USDT"":0.40133735}",12:54 2026-04-10,24M 11S,13:18 2026-04-10
EDGEUSDT,25.000000000,Long,1.0039,1.0132,0.22241450,0.00501950,0.00506600,0E-8,"{""USDT"":0.0050195}","{""USDT"":0.005066}",08:44 2026-04-10,2M 18S,08:46 2026-04-10
MONUSDT,56799.000000000,Long,0.035293,0.035733,24.18471883,0.40092143,0.40591974,0E-8,"{""USDT"":0.40092143}","{""USDT"":0.40591974}",08:21 2026-04-10,1M 43S,08:23 2026-04-10
MONUSDT,130089.000000000,Long,0.03587046,0.035969,10.95003129,0.93327045,0.93583426,0E-8,"{""USDT"":0.93327045}","{""USDT"":0.93583426}",07:27 2026-04-10,5M 33S,07:33 2026-04-10
LITUSDT,1847.200000000,Long,1.0856,1.0996,25.05349970,0.40106407,0.40623623,0E-8,"{""USDT"":0.40106407}","{""USDT"":0.40623623}",06:39 2026-04-10,1M 1S,06:40 2026-04-10
MONUSDT,54737.000000000,Long,0.036543,0.03679736,12.59120356,0.40005086,0.93179358,0E-8,"{""USDT"":0.40005086}","{""USDT"":0.93179358}",06:32 2026-04-10,2M 40S,06:35 2026-04-10
VVVUSDT,1272.710000000,Long,7.8578,7.88875018,28.43787457,4.00028027,6.95244616,0E-8,"{""USDT"":4.00028027}","{""USDT"":6.95244616}",02:36 2026-04-10,4M 25S,02:40 2026-04-10
VVVUSDT,1267.600000000,Long,7.8874,7.9338,50.79465871,3.99922733,4.02275396,0E-8,"{""USDT"":3.99922733}","{""USDT"":4.02275396}",01:58 2026-04-10,3M 9S,02:01 2026-04-10
EDGEUSDT,26.000000000,Long,0.9641,0.9685,0.10435048,0.00501332,0.00503620,0E-8,"{""USDT"":0.00501332}","{""USDT"":0.0050362}",23:11 2026-04-09,3M 34S,23:15 2026-04-09
MONUSDT,59623.000000000,Long,0.033547,0.03353609,-2.01462979,0.40003456,0.96438023,0E-8,"{""USDT"":0.40003456}","{""USDT"":0.96438023}",22:54 2026-04-09,12M 42S,23:06 2026-04-09
VVVUSDT,1302.300000000,Long,7.6794,7.68669469,-4.00574540,4.00035307,9.50526833,0E-8,"{""USDT"":4.00035307}","{""USDT"":9.50526833}",19:06 2026-04-09,4M 55S,19:11 2026-04-09
VVVUSDT,1330.000000000,Long,7.52,7.5645,51.16004596,4.00064000,4.02431404,0E-8,"{""USDT"":4.00064}","{""USDT"":4.02431404}",18:03 2026-04-09,2M 36S,18:06 2026-04-09
MONUSDT,21576.000000000,Long,0.029211,0.029503,6.04682934,0.12605131,0.12731135,0E-8,"{""USDT"":0.12605131}","{""USDT"":0.12731135}",14:25 2026-04-09,4M 44S,14:30 2026-04-09
LITUSDT,2053.700000000,Long,0.9738,0.9787,9.26116014,0.39997862,0.40199124,0E-8,"{""USDT"":0.39997862}","{""USDT"":0.40199124}",14:19 2026-04-09,9M 37S,14:28 2026-04-09
EDGEUSDT,27.000000000,Long,0.9213,0.9255,0.10342728,0.00497502,0.00499770,0E-8,"{""USDT"":0.00497502}","{""USDT"":0.0049977}",13:49 2026-04-09,9M 21S,13:58 2026-04-09
VVVUSDT,1423.860000000,Long,7.0235,7.03534758,4.26536769,4.00019230,8.60374001,0E-8,"{""USDT"":4.00019230}","{""USDT"":8.60374001}",11:28 2026-04-09,9M 54S,11:38 2026-04-09
TRIAUSDT,232200.000000000,Long,0.021535,0.02166,25.01304840,2.00017080,2.01178080,0E-8,"{""USDT"":2.0001708}","{""USDT"":2.01178080}",08:22 2026-04-09,5M 12S,08:27 2026-04-09
HYPEUSDT,1640.700000000,Long,38.39795096,38.393,-33.32122274,12.59990367,12.59827907,0E-8,"{""USDT"":12.59990367}","{""USDT"":12.59827907}",04:14 2026-04-09,1H 0M,05:14 2026-04-09
MONUSDT,154265.000000000,Long,0.03010902,0.02989147,-36.33659377,0.92895349,1.84729128,0E-8,"{""USDT"":0.92895349}","{""USDT"":1.84729128}",00:31 2026-04-09,3H 16M,03:48 2026-04-09
LITUSDT,4706.200000000,Long,0.9916367,0.9871,-23.21310619,0.93336816,0.92909803,0E-8,"{""USDT"":0.93336816}","{""USDT"":0.92909803}",23:01 2026-04-08,14M 52S,23:16 2026-04-08
LITUSDT,3175.700000000,Long,0.99797797,0.9984,0.07226046,0.63385575,0.63412379,0E-8,"{""USDT"":0.63385575}","{""USDT"":0.63412379}",22:18 2026-04-08,5M 25S,22:24 2026-04-08
LITUSDT,1961.400000000,Long,1.0199,1.0192189,-2.90890794,0.40008638,1.07276266,0.10015890,"{""USDT"":0.40008638}","{""USDT"":1.07276266}",19:33 2026-04-08,30M 21S,20:04 2026-04-08
LITUSDT,4615.400000000,Long,1.01116424,1.01139884,-2.41802120,0.93338549,2.56740571,0E-8,"{""USDT"":0.93338549}","{""USDT"":2.56740571}",16:21 2026-04-08,12M 17S,16:34 2026-04-08
VVVUSDT,1433.630000000,Long,6.8789,6.87204434,-24.14939326,3.94471898,10.37618928,0E-8,"{""USDT"":3.94471898}","{""USDT"":10.37618928}",14:57 2026-04-08,4M 33S,15:02 2026-04-08
MONUSDT,64002.000000000,Long,0.030868,0.031018,8.80813443,0.39512275,0.39704282,0E-8,"{""USDT"":0.39512275}","{""USDT"":0.39704282}",14:55 2026-04-08,4M 43S,15:00 2026-04-08
LITUSDT,4503.700000000,Long,1.03883425,1.0227,-74.52070638,0.93571957,0.92118681,0E-8,"{""USDT"":0.93571957}","{""USDT"":0.92118681}",14:34 2026-04-08,17M 36S,14:51 2026-04-08
MONUSDT,63397.000000000,Long,0.031547,0.031778,13.84178397,0.39999704,0.40292599,0E-8,"{""USDT"":0.39999704}","{""USDT"":0.40292599}",14:09 2026-04-08,2M 39S,14:12 2026-04-08
MONUSDT,145093.000000000,Long,0.03216035,0.032241,9.83325904,0.93324827,0.93558869,0E-8,"{""USDT"":0.93324827}","{""USDT"":0.93558869}",13:37 2026-04-08,5M 54S,13:43 2026-04-08
EDGEUSDT,24.000000000,Long,1.0253,1.036,0.24690576,0.00492144,0.00497280,0E-8,"{""USDT"":0.00492144}","{""USDT"":0.0049728}",10:55 2026-04-08,3M 18S,10:58 2026-04-08
TRIAUSDT,218260.000000000,Long,0.022908,0.023197,59.05198905,1.99996005,2.02519090,0E-8,"{""USDT"":1.99996005}","{""USDT"":2.02519090}",09:31 2026-04-08,3M 48S,09:35 2026-04-08
LITUSDT,1933.000000000,Long,1.0336,1.0355,2.87278592,0.39958978,0.40032430,0E-8,"{""USDT"":0.39958978}","{""USDT"":0.4003243}",08:06 2026-04-08,11M 53S,08:18 2026-04-08
MONUSDT,64577.000000000,Long,0.030981,0.030891,-6.80914743,0.40013201,0.39896964,0.19811578,"{""USDT"":0.40013201}","{""USDT"":0.39896964}",07:56 2026-04-08,5M 22S,08:01 2026-04-08
TRIAUSDT,211060.000000000,Long,0.023694,0.02353313,-41.38585186,2.00034227,5.43287959,0E-8,"{""USDT"":2.00034227}","{""USDT"":5.43287959}",06:25 2026-04-08,14M 0S,06:39 2026-04-08
LITUSDT,1903.100000000,Long,1.0598,1.0701,18.79124743,0.40338110,0.40730147,0E-8,"{""USDT"":0.40338110}","{""USDT"":0.40730147}",04:04 2026-04-08,10M 22S,04:14 2026-04-08
MONUSDT,67607.000000000,Long,0.02975,0.02995594,12.55400294,0.40226165,0.96657141,0E-8,"{""USDT"":0.40226165}","{""USDT"":0.96657141}",01:12 2026-04-08,10M 13S,01:22 2026-04-08
MONUSDT,154555.000000000,Long,0.03039872,0.03037,-6.31663682,0.93965474,0.93876708,0E-8,"{""USDT"":0.93965474}","{""USDT"":0.93876708}",23:16 2026-04-07,4M 14S,23:20 2026-04-07
EDGEUSDT,24.000000000,Long,1.0693,1.0713,0.03772512,0.00513264,0.00514224,0E-8,"{""USDT"":0.00513264}","{""USDT"":0.00514224}",23:13 2026-04-07,5M 19S,23:19 2026-04-07
HYPEUSDT,174.830000000,Long,37.966,38.177,34.22671385,1.32751916,1.33489699,0E-8,"{""USDT"":1.32751916}","{""USDT"":1.33489699}",22:42 2026-04-07,4M 8S,22:47 2026-04-07
REDUSDT,25.000000000,Short,0.20028,0.21136,-0.61021248,0.00275385,0.00290620,0.32755243,"{""USDT"":0.00275385}","{""USDT"":0.0029062}",10:12 2026-04-07,20H 44M,06:57 2026-04-08
SIRENUSDT,9.000000000,Short,0.593,0.52415,0.56983124,0.00213480,0.00518909,0.04249487,"{""USDT"":0.0021348}","{""USDT"":0.00518909}",10:05 2026-04-07,20H 52M,06:57 2026-04-08
